1	29 21 15 3 1 16 17 23 9 24 25 5 6 30 31 22 7 26 2 27 10 11 28 25 12 9 8 18 15 16 19 20 17 18 15 10 13 14 9 16 17 10 18 15 32 33 16 17 26 34 31 4 18 15 16 32
1	29 23 3 41 1 24 27 9 35 28 25 21 42 39 43 36 37 44 40 38 5 6 26 27 30 31 28 25 22 26 2 23 24 27 32 29 28 30 31 15 16 19 20 17 10 13 14 9 10 18 15 16 4 32
1	29 21 1 9 45 46 27 28 23 24 27 28 25 30 31 22 2 10 13 15 14 9 16 17 10 13 14 9 10 32 33 18 15 34 31 16 17 26 18 32
1	29 41 21 25 1 17 26 27 28 9 35 27 42 28 47 25 43 36 37 48 44 26 27 28 30 31 22 7 2 38 5 8 6 10 13 14 9 18 15 10 16 17 18 32
1	29 51 27 21 41 17 1 28 23 24 27 22 49 52 9 35 28 25 42 50 21 43 36 37 44 26 27 28 25 22 7 30 31 2 32 33 38 5 34 31 8 6 26 27 28 25 18 15 16 17 10 18 15 16 17 26 18 32
1	29 51 17 1 23 52 9 24 27 21 28 25 43 44 5 6 26 23 24 27 10 13 28 25 14 9 30 31 22 7 2 26 27 8 18 15 28 25 16 17 10 18 15 16 17 18 15 16 17 26 18 32
1	29 21 3 1 17 9 45 25 46 30 31 22 2 10 13 14 9 26 27 18 15 28 25 16 17 10 18 15 4 26 16 17 18 32
1	29 15 16 23 17 21 41 1 3 9 24 25 45 42 4 47 43 46 53 48 44 5 6 30 31 22 54 7 2 8 10 26 27 18 28 23 24 32
1	29 51 23 41 17 1 52 9 35 21 47 24 42 43 36 48 3 44 22 30 31 10 13 2 14 9 10 13 14 9 10 13 18 15 14 9 10 16 17 4 18 32
1	29 21 27 3 41 1 17 28 27 9 28 4 47 42 39 43 48 44 40 5 6 22 49 30 31 2 7 8 10 13 18 15 14 9 16 17 18 15 10 13 16 17 14 9 18 15 16 17 10 18 15 16 17 50 55 18 15 56 16 32
1	19 29 21 20 15 1 16 17 9 45 35 47 36 48 46 59 30 31 22 60 2 10 13 14 9 10 57 58 18 32
1	29 21 1 17 9 10 13 14 9 30 31 22 7 2 8 10 13 18 15 16 17 14 9 10 18 15 16 17 32 33 34 31 18 32
1	29 19 21 41 20 15 3 1 16 17 45 9 27 35 61 42 28 25 36 46 62 30 31 22 2 18 15 16 17 10 13 18 15 14 9 16 17 10 18 4 26 32
1	29 21 1 3 17 25 9 45 4 47 48 46 30 31 22 2 18 15 16 17 18 15 10 13 16 17 18 15 14 9 16 17 10 18 26 32
1	29 15 21 16 17 1 25 9 47 48 26 27 28 30 31 22 2 18 15 16 17 18 15 10 13 14 9 16 17 10 18 15 16 19 20 32
2	29 21 3 17 1 9 25 22 30 31 26 27 2 28 25 10 13 14 9 18 15 10 16 17 26 18 23 4 24 32
2	29 3 21 1 17 45 35 9 23 24 4 47 25 43 39 36 46 48 3 44 40 30 31 22 2 10 32 33 18 34 31 4 26 32
2	29 19 20 21 17 23 3 1 9 45 24 25 46 30 31 22 49 2 26 27 5 28 25 6 10 18 15 16 17 18 15 16 17 50 55 4 18 15 26 56 16 32
2	19 29 20 15 21 16 17 1 9 25 30 31 22 7 26 27 2 28 23 5 24 27 28 25 8 26 27 6 28 10 18 32
2	29 27 19 21 28 25 20 17 1 26 23 9 24 63 25 64 30 31 22 49 2 10 32 29 30 31 32 33 18 50 55 26 34 31 56 32
2	29 25 51 21 1 17 26 27 52 61 9 28 25 62 59 30 31 22 49 60 7 26 27 10 11 2 8 28 25 12 9 10 13 14 9 18 15 10 16 17 18 15 16 17 18 15 57 50 55 58 26 16 56 32
2	29 21 15 1 16 17 23 9 24 27 28 30 31 22 7 2 5 32 33 10 13 8 34 31 14 9 6 10 18 15 16 32
2	29 21 41 1 27 9 35 42 28 25 36 37 30 31 22 10 13 7 14 9 2 38 5 8 6 10 15 16 17 32 33 18 15 34 31 16 26 32
2	29 21 17 1 23 9 24 45 46 53 30 31 22 54 7 32 33 2 34 31 8 10 18 15 16 17 18 15 16 17 18 32
2	29 21 1 17 9 45 46 30 31 22 2 10 18 15 16 17 18 27 28 32
2	29 25 21 1 26 17 27 9 28 25 47 48 22 30 31 26 27 2 5 10 28 25 6 18 15 16 17 18 15 26 16 19 20 32
2	29 51 21 1 17 52 61 35 45 9 63 25 36 46 64 30 31 22 2 10 18 15 16 17 26 27 18 15 28 25 16 17 26 23 18 15 24 16 62 32
2	29 25 21 41 17 1 26 27 28 9 35 27 45 42 28 25 36 37 46 53 30 31 54 7 22 10 2 38 5 8 6 18 32 33 26 27 34 31 28 32
2	29 25 21 1 17 26 27 45 9 35 47 28 25 63 36 64 46 53 48 3 59 30 31 22 60 54 7 2 8 10 18 15 16 17 18 4 26 32
3	29 21 41 17 1 61 9 45 27 42 63 28 25 64 46 53 62 59 30 31 60 22 54 7 10 13 2 14 9 8 10 18 15 16 19 20 15 32 33 16 17 34 31 18 15 16 19 26 20 32
3	29 21 1 17 23 9 24 27 28 25 30 31 22 2 10 18 15 26 16 32
3	29 15 21 1 16 17 45 9 47 25 46 53 48 30 31 22 54 7 2 8 10 18 15 16 17 18 15 16 17 18 32 33 26 34 31 32
3	29 21 25 1 17 26 27 28 23 9 24 63 64 30 31 22 10 13 32 33 2 14 9 34 31 10 18 15 16 17 18 15 16 19 20 32
3	29 21 17 1 27 9 45 28 25 46 30 31 22 2 10 26 18 15 16 32
3	29 21 17 1 23 9 22 49 24 27 50 21 28 25 30 31 22 5 2 10 13 6 14 9 10 13 14 9 10 26 18 32
3	29 21 17 1 23 24 27 9 28 25 30 31 22 49 7 2 8 10 18 15 16 17 26 27 18 15 50 55 16 19 56 28 20 32
3	29 17 21 1 23 9 24 27 28 25 30 31 22 49 2 65 5 10 13 6 37 14 9 10 13 18 15 16 17 18 15 16 17 32 33 18 15 34 26 27 29 51 50 21 16 66 17 1 52 14 9 63 28 25 64 67 30 31 22 49 7 2 38 5 8 6 18 15 10 13 16 17 14 9 68 57 10 18 15 50 26 55 27 58 28 23 16 24 56 32
3	29 25 21 1 17 26 23 9 24 47 25 48 3 30 31 22 49 2 10 18 15 50 55 4 26 56 16 32
3	29 1 21 17 9 25 63 64 30 31 22 49 7 2 5 8 6 10 13 18 15 16 17 18 15 16 17 14 9 32 33 10 18 34 31 50 55 56 26 32
3	29 25 21 1 17 26 27 28 9 47 48 30 31 22 2 10 32 33 18 15 34 31 16 32
3	29 15 27 1 16 17 21 35 9 47 28 43 36 48 44 30 31 22 7 2 8 10 13 18 15 14 9 10 16 17 18 32
3	29 21 27 1 17 61 9 28 45 25 63 64 67 46 53 30 31 54 7 22 49 26 27 2 5 28 25 8 6 10 18 15 16 17 18 15 16 17 68 57 18 15 26 27 58 50 55 16 17 18 15 28 56 62 16 32
3	29 15 21 41 3 1 16 17 45 9 42 4 47 25 43 39 46 53 48 3 44 40 30 31 22 49 54 7 2 10 13 5 8 14 9 6 10 18 50 55 26 27 4 28 56 32
4	29 21 17 1 25 26 23 9 24 27 28 25 63 43 64 44 30 31 22 10 2 18 26 32
4	29 21 25 1 17 26 27 9 63 28 25 64 67 30 31 22 2 10 68 57 18 32 33 34 31 58 26 32
4	29 21 17 1 9 45 25 46 30 31 22 49 2 10 18 15 57 26 50 55 58 16 56 32
4	29 15 21 16 17 1 9 45 25 46 10 11 12 9 30 31 22 49 2 10 18 15 16 17 18 50 55 26 27 28 56 32
4	29 21 17 1 9 63 25 64 30 31 22 49 2 10 18 15 16 17 18 26 50 55 56 32
4	29 21 23 1 17 9 24 25 43 44 22 30 49 31 7 2 5 8 6 10 13 14 9 18 15 10 13 16 17 14 9 10 18 15 26 27 50 55 28 16 56 32
4	29 27 21 1 17 9 63 28 25 43 44 64 30 31 22 2 10 18 15 16 17 18 15 32 33 16 17 18 15 34 31 26 16 32
4	29 15 21 16 17 1 25 9 30 31 22 2 10 18 15 16 26 32
4	29 21 1 17 23 9 63 24 25 43 64 67 44 30 31 22 7 26 27 2 5 28 25 8 10 13 6 14 9 10 13 18 15 14 9 69 10 68 57 26 27 70 58 28 16 32
4	29 27 21 17 28 23 1 9 24 27 28 25 22 30 31 7 2 8 10 18 15 16 17 32 33 18 34 26 31 32
4	29 19 21 20 1 17 9 25 30 31 22 49 26 27 2 5 28 25 10 6 18 15 16 17 50 21 22 18 15 57 16 26 58 32
4	29 27 21 28 25 15 1 16 17 26 27 28 23 9 24 25 30 31 22 2 10 18 15 16 17 18 26 32
4	29 21 1 17 9 25 43 44 30 31 22 49 2 26 27 5 28 25 6 10 18 15 16 17 32 33 18 57 50 55 58 26 34 31 56 32
4	29 27 21 17 1 3 9 28 25 39 40 30 31 7 22 2 5 8 6 10 18 15 16 17 18 4 26 32
4	29 21 1 3 17 9 25 30 31 22 49 7 2 5 8 6 10 13 18 15 14 9 16 17 10 18 15 16 17 18 57 32 33 50 58 26 4 34 31 32
4	29 49 19 20 23 17 1 3 50 21 24 27 9 28 25 7 30 31 22 2 10 8 18 15 16 17 18 69 32 33 70 4 26 34 31 32
4	29 51 25 21 1 17 52 45 9 46 30 31 22 2 10 18 15 16 17 18 15 26 27 28 16 32
5	23 29 19 21 20 15 24 1 27 16 17 9 71 28 25 63 72 73 64 74 71 72 30 31 22 2 10 18 15 16 17 18 32 33 34 31 26 27 28 32
5	29 21 1 17 9 63 25 47 10 13 64 67 48 3 14 9 22 30 31 2 10 32 33 68 57 18 26 34 31 58 4 32
5	29 17 21 1 45 9 63 25 64 46 30 31 22 2 10 13 5 14 9 6 10 18 15 16 17 18 15 16 19 20 17 18 15 16 26 32
5	29 15 57 21 1 16 17 58 67 23 45 9 24 27 68 63 28 25 46 64 67 30 22 31 2 10 18 15 68 57 16 17 18 58 26 32
5	29 21 1 17 9 25 63 64 30 31 22 2 10 18 15 32 33 69 26 27 70 34 31 28 16 32
5	29 21 27 15 1 3 16 17 28 23 45 9 63 24 25 64 46 53 59 30 31 22 54 7 60 2 5 8 10 13 14 9 6 10 18 4 26 27 28 32
5	29 21 1 17 9 27 28 25 39 40 30 31 22 49 7 2 5 8 6 10 18 15 32 33 50 34 31 26 16 32
5	29 49 50 21 15 1 23 16 17 9 24 27 28 25 22 49 30 31 2 10 32 33 50 55 18 34 31 56 26 32
5	29 19 21 20 1 17 45 9 63 25 46 64 30 31 22 2 10 13 14 9 18 15 10 13 14 9 16 17 10 18 15 16 17 26 18 32
5	29 19 21 20 15 1 16 17 9 63 25 64 67 30 31 22 49 2 10 18 15 68 57 50 55 58 26 56 16 32
5	29 21 15 1 16 17 9 63 25 64 30 31 22 7 2 5 8 10 13 6 14 9 10 13 14 9 10 18 26 32
5	29 21 17 1 9 25 10 11 12 9 30 31 22 7 2 5 8 6 10 13 14 9 10 18 15 16 17 18 15 32 33 34 31 26 16 32
5	29 21 25 1 17 26 27 9 63 28 25 64 67 30 31 22 2 10 18 15 16 17 18 15 32 33 16 17 68 57 18 26 58 34
5	29 23 21 1 17 9 24 27 28 25 30 31 22 49 7 2 5 8 6 10 13 18 15 16 17 18 15 50 21 16 17 22 14 9 32 33 10 34 31 26 18 15 16 32
5	29 21 15 16 17 1 9 63 25 64 30 31 22 7 2 5 8 10 6 18 32 33 34 31 26 32
5	29 25 17 21 1 26 27 9 28 25 30 31 22 2 10 18 26 32
5	29 21 1 17 23 9 45 24 25 63 64 46 53 61 30 31 22 49 54 7 2 10 13 8 14 9 10 18 19 20 17 18 15 69 32 33 50 55 70 34 31 26 27 62 16 56 28 32
6	29 21 1 17 45 9 63 25 46 71 64 72 73 30 31 22 2 10 18 15 16 17 18 32 33 74 69 70 34 31 26 32
6	29 21 1 17 9 63 25 64 67 30 31 22 2 10 18 15 16 17 18 15 16 17 32 33 68 57 18 15 26 27 58 34 31 28 16 32
6	29 15 21 1 16 17 27 9 28 25 59 30 31 22 49 7 60 2 5 8 6 18 19 10 20 17 18 15 16 17 18 15 50 55 26 27 56 28 23 24 16 32
6	29 21 25 1 17 26 23 45 9 24 27 28 25 46 30 31 22 2 10 69 32 33 57 70 58 26 18 34 31 32
6	29 19 21 25 1 20 17 26 27 45 9 28 25 46 53 30 31 22 49 54 7 2 5 8 10 6 32 33 18 26 50 57 34 31 58 32
6	29 49 50 21 1 17 9 25 30 31 22 49 7 2 5 8 10 13 14 9 6 10 13 18 15 16 17 50 21 22 49 18 57 32 33 50 14 58 26 34 31 32
6	29 13 49 27 50 21 1 17 14 9 28 25 30 31 22 2 10 18 15 16 17 18 26 32
6	29 21 1 17 45 9 63 25 46 64 67 30 31 22 2 10 18 68 57 58 26 27 28 32
6	29 21 27 1 17 28 25 9 30 31 22 49 2 26 27 5 28 25 10 6 18 15 16 17 18 15 69 32 33 57 70 50 58 26 34 31 16 32
6	29 49 50 21 15 1 16 17 9 25 30 31 22 49 2 5 10 6 18 15 16 17 18 15 32 33 57 16 50 17 55 34 31 26 27 58 18 28 56 32
6	29 27 21 1 17 45 28 23 9 24 63 25 64 46 53 30 31 22 54 7 2 5 8 10 6 18 15 16 17 18 32 33 26 27 34 31 28 32
6	29 27 21 1 17 28 23 9 24 27 28 25 30 31 22 2 10 18 15 16 17 18 32 33 34 31 26 32
6	29 21 1 17 9 25 30 31 22 2 10 13 18 15 14 9 10 16 17 18 32 33 34 31 26 32
6	29 19 21 25 1 20 17 26 23 9 24 27 28 25 63 64 67 59 30 31 60 22 7 2 5 8 10 6 18 68 57 26 58 32
6	29 21 1 17 9 63 25 64 30 31 22 49 7 10 11 2 12 9 5 8 10 6 18 50 21 22 69 32 33 70 34 31 26 32
6	29 27 19 21 1 20 17 28 23 9 24 27 28 25 30 31 22 2 10 18 26 32
6	29 19 21 20 15 1 16 17 45 9 25 46 30 31 22 49 2 10 13 14 9 10 18 32 33 34 31 50 55 26 56 32
6	29 19 21 1 20 17 9 25 30 31 22 2 10 18 15 16 17 18 69 15 57 16 17 70 18 26 58 32
1	29 21 51 1 9 35 45 52 61 36 46 53 10 13 22 49 30 31 14 9 2 65 10 13 15 14 9 16 17 27 28 23 24 27 28 23 24 27 28 10 13 18 19 20 15 32 33 16 19 34 31 66 1 32 29 50 21 63 20 17 75 64 54 45 47 14 9 76 43 48 44 46 62 59 10 13 60 22 49 30 31 14 9 2 10 18 19 20 17 18 15 16 17 50 55 18 56 32
1	29 21 1 17 45 9 46 59 10 13 60 30 31 22 49 27 14 9 28 2 65 10 13 14 9 10 13 14 9 10 13 32 29 50 21 66 1 14 9 35 36 10 13 30 31 22 49 14 9 50 55 2 56 49 10 13 18 15 14 9 16 17 10 50 21 18 15 22 49 32 16 33 34 50
1	21 29 75 1 9 35 76 43 36 44 77 10 13 25 14 9 26 27 22 49 78 30 31 10 13 28 25 26 14 23 9 50 55 2 65 24 27 56 49 28 25 10 13 50 21 22 49 32 29 50 21 66 14 1 9 63 64 10 13 26 27 28 27 28 25 22 49 30 31 14 9 26 7 27 2 28 25 8 10 13 15 14 9 16 17 18 15 10 13 16 19 20 15 14 9 16 17 10 32 33 26 27 34 18 28 50
1	21 1 29 17 75 35 47 45 76 36 9 48 3 46 53 61 4 77 10 13 27 28 25 22 49 30 31 78 26 14 9 23 2 65 24 25 10 13 18 15 16 19 50 21 32 33 20 15 22 49 66 1 16 17 34 31 18 15 50 21 62 51 16 17 32 29 14 9 52 69 70 10 13 26 27 22 49 14 9 30 54 7 28 23 50 55 2 65 56 49 24 25 8 26 23 24 27 28 10 18 15 16 17 57 58 18 15 16 17 18 15 50 21 16 22 66
1	1 17 18 19 21 29 51 20 17 9 52 39 43 40 5 44 79 80 41 77 6 10 13 23 42 24 27 22 49 14 9 28 25 30 31 78 26 27 2 28 25 10 13 14 9 26 27 28 23 18 19 24 27 28 25 20 17 26 27 57 10 28 58 13 25 67 14 9 18 19 68 57 20 15 16 17 26 27 32 33 58 28 23 50 55 18 10 34 24 27 56 49 28 50
1	21 41 63 75 1 29 9 64 42 47 76 39 43 48 5 44 40 6 10 13 23 24 25 22 49 30 26 27 2 28 25 14 9 10 13 14 9 10 26 27 28 50
1	21 29 1 9 45 79 46 53 5 6 37 10 13 22 49 30 31 14 9 54 27 7 2 65 28 25 10 13 8 53 14 9 10 13 32 29 50 21 66 1 51 14 9 38 35 52 36 80 10 13 26 23 77 24 27 28 25 30 22 49 50 55 54 7 26 27 14 9 78 28 23 2 24 56 49 8 10 15 16 17 18 50
1	21 19 1 29 75 20 17 9 47 76 69 81 48 3 70 5 6 37 4 77 10 13 22 49 78 38 7 5 30 31 50 55 23 14 9 2 65 56 49 24 27 28 25 8 53 6 37 10 11 12 9 10 13 18 19 20 17 32 33 34 31 32 29 50 21 66 1 14 9 82 39 40 38 5 6 26 27 10 13 28 23 24 25 22 49 54 7 30 26 27 14 9 2 28 25 8 26 27 28 23 24 27 28 10 18 15 16 17 18 15 16 50
2	29 19 21 1 20 17 45 9 47 63 64 48 46 53 59 60 10 13 22 30 31 14 9 54 7 2 8 10 18 32
2	29 25 21 1 17 45 47 9 48 3 46 10 13 22 49 30 31 14 9 2 65 10 13 26 27 28 32 25 29 18 15 50 21 66 1 16 17 4 47 14 9 48 10 13 22 49 30 31 14 9 10 13 26 27 14 9 28 25 2 10 13 14 9 32 33 34 31 10 13 14 9 26 27 50 55 28 23 10 56 24 18 32
2	29 21 1 17 9 45 63 39 64 67 46 10 11 40 81 12 9 10 13 22 30 49 31 27 14 9 28 25 2 65 10 13 18 15 16 17 26 27 28 18 15 27 28 25 50 21 32 29 66 1 16 14 9 82 5 6 10 13 22 30 31 2 14 9 10 68 57 58 26 23 24 32
2	29 25 19 21 1 20 17 9 59 5 6 37 60 10 13 14 9 22 49 7 30 31 26 27 28 25 2 65 77 10 13 8 53 18 15 78 66 1 16 19 20 15 16 17 26 27 14 9 32 29 10 13 28 18 15 50 21 16 14 9 10 11 38 5 12 9 6 10 13 22 30 31 14 9 54 7 10 13 14 9 2 8 10 13 14 9 10 32
2	29 21 15 1 16 17 9 79 27 10 13 28 25 14 9 22 49 30 31 26 27 10 13 7 28 25 14 9 8 2 65 10 13 14 9 32 33 26 69 27 50 55 28 34 31 27 10 13 32 29 70 28 25 56 49 50 21 51 66 1 14 9 52 61 80 62 59 5 60 6 10 13 14 9 22 49 30 31 10 13 50 55 56 14 9 10 32 33 2 34 31 26 27 28 18 32
2	29 25 19 21 1 20 17 9 61 10 11 12 9 10 13 30 31 22 49 7 26 27 14 9 28 2 25 65 8 53 10 13 77 18 15 78 16 17 18 15 16 17 14 9 26 27 28 23 10 13 18 24 15 32 29 50 21 66 1 16 17 14 9 43 62 44 5 6 10 13 22 30 31 54 7 8 14 9 2 18 15 16 17 32 33 34 31 10 13 57 32 33 14 9 58 34 31 18 10 32
2	29 19 51 21 1 20 17 9 52 5 6 10 13 14 9 22 49 30 31 50 55 2 56 10 13 14 9 10 18 15 16 17 27 32 33 28 23 34 31 24 18 32
2	29 25 19 21 1 20 17 9 47 18 15 43 16 17 48 3 44 79 5 61 6 37 10 13 14 9 22 49 30 31 10 13 14 9 2 65 10 13 18 15 16 17 50 21 22 49 26 27 28 23 18 15 32 29 24 27 28 25 16 19 50 21 66 1 20 17 14 9 4 47 80 43 48 3 62 44 10 13 22 49 30 31 4 77 18 15 78 3 16 17 18 15 16 17 26 27 14 9 28 23 10 18 13 15 24 27 32 29 28 25 50 21 16 14 9 45 46 53 38 5 6 10 13 22 30 31 14 54 9 7 26 27 28 2 25 8 4 77 78 10 13 14 9 10 13 32 33 26 27 57 14 9 34 31 28 58 10 32
3	21 17 29 9 10 13 14 9 22 49 30 27 7 8 28 25 10 13 18 15 57 14 9 26 27 16 17 28 23 58 10 18 15 24 16 50
3	21 1 29 17 9 81 10 13 22 49 30 31 14 9 27 28 23 2 65 24 25 10 13 18 15 16 17 66 1 26 27 14 9 10 13 28 25 50 21 32 29 14 9 82 10 13 30 22 49 14 9 26 27 2 10 13 28 25 77 14 9 78 10 13 50 21 22 49 14 9 26 27 18 10 28 50
3	21 1 17 29 9 45 63 64 67 46 53 30 31 22 49 54 7 2 65 27 28 8 53 27 10 13 28 25 18 15 66 1 16 17 26 32 27 33 34 31 18 15 28 25 50 51 21 32 29 16 17 52 61 54 45 14 9 46 53 69 70 10 13 22 49 30 31 14 9 26 27 54 7 2 65 28 25 8 53 10 13 18 15 16 19 66 1 20 17 14 9 32 33 26 23 10 13 24 27 34 31 18 28 15 50 21 32 29 16 17 14 9 47 68 63 43 64 48 62 44 5 6 10 13 22 49 30 54 7 14 9 2 8 10 13 18 15 16 17 14 9 10 18 50
3	21 1 29 17 9 10 13 22 49 14 9 30 27 2 28 25 10 13 26 27 28 14 9 10 18 50
3	21 1 29 17 9 63 43 64 67 44 5 6 10 13 30 31 22 49 14 9 2 65 18 15 10 13 66 16 17 32 33 18 15 34 50 21 16 17 22 49 27 14 9 68 57 28 23 10 18 15 58 24 16 50
3	21 29 17 9 45 43 46 53 44 5 6 10 13 22 49 30 54 7 27 14 9 28 8 77 78 3 10 18 15 4 16 50
3	21 1 29 17 61 45 9 43 46 53 62 44 5 6 10 13 14 9 22 49 30 54 7 27 28 25 2 8 26 27 28 25 26 27 10 13 28 25 26 27 14 9 10 28 18 50
3	21 1 29 17 9 59 60 10 13 14 9 22 30 7 27 28 2 65 8 25 10 13 26 27 14 9 10 28 23 18 24 66
3	1 21 17 29 9 45 46 10 13 22 49 14 9 30 27 31 28 25 10 13 2 65 14 9 10 13 18 15 66 1 16 17 14 9 26 23 24 27 18 15 10 13 28 25 50 21 32 29 16 17 14 9 63 43 64 44 10 13 22 49 30 26 27 14 9 2 10 13 28 25 14 9 26 27 10 18 15 16 28 50
3	21 1 17 29 9 10 13 22 49 30 31 7 14 9 8 2 65 18 15 10 13 16 17 18 15 32 33 16 19 66 20 15 16 17 23 34 31 24 27 18 28 25 19 50 21 20 15 16 17 32 29 14 9 37 10 13 22 49 30 38 5 14 9 26 23 77 24 27 10 13 6 28 25 14 9 78 10 13 18 15 16 17 14 9 26 27 28 23 10 18 24 50
4	1 9 27 28 25 15 10 13 16 19 21 29 20 15 16 17 14 9 10 13 14 9 22 30 31 26 27 2 65 28 10 18 15 16 66 32
4	1 33 9 57 27 28 23 15 34 31 58 10 13 24 25 21 32 29 16 17 14 9 10 13 14 9 30 22 31 7 26 27 10 11 2 65 8 28 12 9 10 13 14 9 10 18 15 16 17 32 33 18 34 66
4	1 17 9 27 10 13 28 25 29 18 15 21 16 17 14 9 45 46 10 13 22 49 30 31 14 9 26 27 2 65 10 13 28 25 77 18 15 16 17 78 18 15 16 19 66 1 20 15 32 33 16 17 34 31 57 14 9 10 18 58 13 19 50 21 20 17 32 29 14 9 43 44 5 6 10 13 14 9 22 49 30 31 50 55 26 27 2 56 49 10 13 28 25 50 21 22 14 9 26 27 10 28 18 32
4	29 19 1 21 20 17 9 39 43 44 40 81 59 60 10 13 14 22 9 49 30 31 7 27 28 23 2 65 24 25 8 10 13 14 9 32 33 34 31 26 27 10 13 18 15 16 19 28 25 50 21 66 1 32 29 20 17 14 9 82 10 13 30 31 22 14 9 26 27 2 10 13 14 9 28 23 10 13 24 14 9 18 10 32
4	29 25 21 1 17 9 10 13 14 9 22 49 30 26 27 28 2 65 10 13 14 9 10 13 50 21 18 14 22 66
4	1 27 17 29 13 18 19 28 25 21 20 15 16 19 45 14 9 20 15 16 17 46 53 59 60 10 13 30 14 9 22 54 7 26 27 2 65 10 13 8 28 18 15 14 16 66
4	1 57 58 67 15 13 21 16 17 29 14 9 10 13 22 49 30 31 7 14 9 27 2 65 8 53 10 13 28 25 18 15 32 33 16 17 66 1 34 31 14 9 32 33 26 27 34 31 10 13 28 25 18 32 29 19 50 21 20 15 16 17 14 9 68 63 64 67 10 13 68 63 30 31 22 49 26 27 64 54 7 14 9 2 65 8 53 28 23 10 13 24 27 50 21 18 15 16 19 22 66 49 1 20 14 9 17 10 13 18 15 32 29 28 25 50 21 16 17 14 9 47 48 3 10 13 14 9 22 30 31 54 7 26 23 24 25 2 8 4 77 10 13 14 9 78 3 10 13 14 9 26 27 10 18 4 28 32
4	29 19 21 1 20 17 9 10 13 30 31 22 49 7 14 9 27 2 8 10 13 28 25 14 9 10 13 50 21 22 14 9 26 27 18 10 28 32
4	29 21 1 17 45 47 63 9 64 67 46 48 3 30 31 22 49 27 28 23 24 27 2 65 4 77 10 13 28 25 14 9 78 10 13 50 21 14 9 22 49 32 33 26 27 34 31 18 10 13 19 28 25 50 21 32 29 66 1 20 15 16 17 68 63 64 14 9 10 13 22 14 9 30 31 26 27 2 65 28 10 18 32 66
4	1 9 17 27 28 23 10 13 31 18 24 19 25 20 15 21 16 17 32 29 14 9 5 6 10 13 14 9 22 49 30 31 26 27 2 65 28 25 10 13 14 9 10 13 18 15 50 21 22 49 66 1 16 17 26 27 14 9 57 18 15 10 13 58 32 29 28 25 50 21 16 17 14 9 10 13 14 9 30 31 22 49 26 27 2 65 28 23 24 25 10 13 50 21 18 15 22 49 16 17 14 9 26 18 15 10 13 27 16 19 28 25 66 50 1 21 32 29 20 17 14 9 10 13 30 22 14 9 2 65 26 27 28 10 13 18 15 14 16 66
4	1 15 13 16 19 21 20 29 17 14 9 45 46 53 5 6 10 13 22 49 14 9 30 31 54 7 23 2 24 25 8 10 13 18 15 16 17 50 21 22 14 9 57 26 10 18 58 32
4	29 19 25 21 1 20 15 16 17 9 5 6 22 30 26 27 2 65 28 25 10 18 26 66
5	21 29 1 17 9 10 13 14 9 22 30 31 27 2 10 13 28 25 18 15 16 17 14 9 26 10 23 18 24 32
5	29 1 21 17 9 63 64 10 13 14 9 22 49 30 27 28 25 2 10 13 18 15 16 19 20 15 14 9 26 27 16 17 18 15 10 16 28 50
5	21 1 15 29 16 17 9 5 6 10 13 14 9 22 49 30 31 27 2 28 23 24 27 28 25 10 13 18 15 32 33 16 14 17 9 26 27 50 55 28 23 34 56 10 49 18 15 24 16 50
5	21 29 1 17 9 63 64 10 13 22 49 30 31 14 9 27 2 65 28 25 10 13 50 21 66 1 22 49 14 9 32 33 26 34 31 23 18 10 13 19 24 25 50 21 32 29 20 17 14 9 43 44 37 10 13 14 9 22 49 30 26 27 38 2 28 23 24 25 10 13 18 15 14 9 16 17 26 27 10 18 28 50
5	21 1 29 17 9 10 13 22 49 30 31 14 9 7 27 2 8 28 25 10 13 14 9 10 13 18 15 14 9 16 17 26 27 32 33 18 15 10 28 16 34 50
5	21 1 15 29 16 17 9 45 37 46 38 5 6 10 13 22 49 14 9 30 27 2 28 25 10 13 77 78 14 9 50 21 10 13 22 49 14 9 26 27 18 10 28 50
5	21 1 29 17 9 63 64 79 10 13 22 49 14 9 30 31 27 2 65 28 25 10 13 77 78 3 18 15 50 21 22 49 26 27 14 9 66 1 16 17 28 10 18 23 13 19 24 25 4 50 21 20 15 32 29 16 17 14 9 61 5 6 37 10 13 22 49 30 31 14 9 7 2 65 8 10 13 14 9 26 23 10 13 18 19 24 32 25 29 62 51 50 21 66 1 20 15 16 17 14 9 52 61 80 43 62 44 38 5 59 6 60 10 13 22 49 14 9 30 26 27 2 65 28 25 10 13 18 15 50 21 16 17 14 9 22 49 26 27 10 28 23 18 24 66 50
5	1 21 29 15 16 17 9 10 13 14 9 22 49 30 27 2 28 25 10 13 14 9 57 58 10 13 14 9 26 23 24 27 10 18 28 50
5	21 1 29 17 9 10 13 14 9 22 49 30 31 27 2 65 28 25 10 13 50 21 18 15 66 1 22 49 16 17 14 9 26 23 10 13 24 27 18 28 25 19 32 29 20 15 50 21 16 17 14 9 10 13 14 9 22 49 30 31 26 27 2 65 28 25 10 13 14 9 10 13 18 15 50 21 22 49 66 1 14 9 16 17 26 27 18 15 28 23 10 13 24 27 16 19 28 25 50 21 20 15 32 29 16 17 14 9 10 13 14 9 22 49 30 31 26 27 2 65 77 28 25 10 13 78 50 21 18 15 22 49 16 17 26 27 14 9 10 13 32 29 18 28 25 19 50 21 66 1 20 15 16 17 14 9 10 13 22 49 30 14 9 26 27 2 28 25 10 13 50 21 18 15 22 49 14 9 16 17 26 27 18 10 28 50
5	21 1 29 17 9 10 13 22 49 14 9 30 27 28 23 2 65 10 11 24 27 12 9 10 13 28 25 18 15 66 50 21 16 22 17 49 14 9 26 27 18 28 23 10 24 50
5	21 29 17 9 10 13 30 22 31 49 7 27 14 9 28 25 10 11 8 12 9 26 27 32 33 28 23 18 10 34 24 27 28 50
5	21 1 29 17 9 10 13 22 49 30 31 14 9 27 2 65 28 25 10 13 18 15 50 21 14 9 22 49 16 17 26 27 66 1 32 33 28 23 18 15 10 13 24 34 31 25 51 50 21 32 29 16 17 52 61 14 9 45 46 10 13 22 14 9 30 26 27 28 23 2 65 24 27 28 25 10 13 14 9 10 13 14 9 26 27 28 23 18 10 24 27 28 62 66
6	1 21 17 29 9 10 13 14 9 22 49 30 31 27 2 65 28 25 10 13 50 21 66 1 32 33 22 49 14 9 26 27 50 55 28 23 18 15 34 31 10 13 16 19 56 49 24 25 50 21 20 15 32 29 16 17 14 9 37 10 13 14 9 22 49 30 31 26 27 50 55 2 65 38 5 56 49 28 25 77 10 13 6 78 3 50 21 18 15 66 1 32 33 22 49 14 9 16 17 26 27 18 15 10 13 34 31 4 28 25 50 21 16 17 32 29 14 9 10 13 22 49 14 9 30 31 50 55 26 27 2 65 56 49 28 25 10 13 18 15 50 21 16 17 14 9 22 32 33 26 27 10 18 34 28 66
6	1 21 29 17 9 10 13 14 9 22 49 30 31 27 2 65 28 25 10 13 18 15 50 21 66 1 16 17 22 49 14 9 26 27 18 15 10 13 16 19 28 25 50 21 20 17 32 29 14 9 10 13 14 9 30 22 49 7 26 27 8 28 2 25 65 10 13 14 9 50 21 22 26 23 10 18 15 24 27 16 28 66
6	1 21 15 16 17 29 9 10 13 22 49 14 9 30 31 23 2 65 24 27 28 25 10 13 66 50 21 18 15 22 49 14 9 16 17 32 33 26 27 18 15 34 10 16 28 50
6	21 17 27 29 9 28 23 24 27 28 25 10 13 22 49 14 9 30 31 7 65 8 10 13 18 15 50 21 66 1 14 9 22 49 32 33 16 17 26 23 18 15 10 13 16 19 34 31 24 27 28 25 50 21 20 32 29 17 14 9 10 13 22 49 30 14 9 26 27 2 28 10 13 14 9 57 18 15 10 58 16 50
6	21 1 29 17 9 10 13 22 49 14 9 30 31 27 2 65 28 25 10 13 50 18 21 15 66 1 22 49 16 17 57 14 9 26 27 58 10 13 18 28 19 50 21 20 32 17 29 14 9 5 6 10 13 22 49 30 14 9 2 65 10 13 18 15 16 17 50 21 22 14 9 18 10 66
6	1 21 17 29 9 45 46 5 6 10 13 22 49 14 9 30 31 27 2 65 28 25 10 13 18 15 66 1 16 17 26 27 14 9 32 33 50 55 34 31 10 13 18 19 56 49 50 21 20 17 63 32 29 28 23 14 9 64 24 27 28 25 10 13 14 9 22 49 30 26 27 2 65 28 25 10 13 50 21 18 15 14 9 16 17 22 26 10 18 15 16 66
6	1 21 15 16 17 29 23 9 24 27 28 25 10 13 22 49 14 9 30 31 26 27 2 65 28 25 10 13 50 21 18 15 22 16 17 32 33 14 9 26 23 10 18 15 34 24 27 16 28 66
6	1 21 29 17 9 10 13 22 49 30 14 9 27 28 25 2 65 10 13 50 21 18 15 22 14 9 26 10 16 66
6	1 25 21 15 16 17 29 9 10 13 22 30 14 9 26 27 2 65 28 25 10 13 18 15 14 9 16 17 26 10 18 66
7	21 1 17 29 9 45 46 53 10 13 30 31 22 49 14 9 27 2 65 28 25 10 13 18 15 66 16 17 26 27 18 15 28 25 50 21 16 17 32 29 14 9 54 45 46 10 13 14 9 22 49 30 10 13 18 15 14 9 16 17 26 27 18 10 28 50
7	21 17 29 9 10 13 14 9 22 49 30 31 27 65 28 23 24 27 10 13 28 25 18 15 14 9 32 33 66 1 26 27 28 34 23 31 10 13 24 25 50 21 16 17 32 29 14 9 10 13 14 9 22 49 30 26 27 2 28 25 10 13 18 15 14 9 16 17 26 27 18 10 28 50
7	21 1 17 29 9 10 13 22 49 30 14 31 9 27 2 5 28 25 6 10 13 18 15 14 9 16 17 32 33 26 27 28 23 34 18 19 10 24 20 50
7	21 1 17 29 9 61 63 64 62 22 49 30 31 27 2 28 25 77 10 13 14 9 78 10 13 18 15 16 17 32 33 14 9 34 26 27 18 15 10 16 28 50
7	21 1 17 29 9 10 13 14 9 30 22 49 27 2 28 25 10 13 18 15 16 17 14 9 26 27 18 15 10 28 16 50
7	21 1 17 29 9 10 13 14 9 22 49 30 7 27 2 65 8 28 25 10 13 18 15 14 9 66 1 16 17 26 27 2 28 23 18 15 10 16 24 50
7	21 1 17 29 9 22 49 30 2 10 13 18 15 14 9 16 17 27 18 15 10 28 16 50
7	21 1 29 9 63 64 10 13 14 9 22 30 10 13 5 2 65 14 9 6 10 13 14 9 15 16 17 27 10 18 28 66
7	1 21 15 3 16 17 29 9 22 30 27 2 65 4 28 25 3 18 15 16 17 57 26 23 10 18 58 4 24 66
7	1 21 3 17 29 9 37 10 13 22 49 30 31 7 14 9 27 8 28 25 4 10 13 3 14 9 2 65 10 13 18 15 16 19 20 15 66 1 14 9 16 17 26 27 28 23 10 13 18 15 4 24 27 28 25 50 21 16 17 32 29 14 9 18 38 19 20 15 37 16 17 38 5 6 10 13 22 49 14 9 30 31 26 27 2 65 28 25 10 13 18 15 32 33 66 1 16 17 14 9 26 27 34 31 10 13 18 15 28 25 50 21 16 17 32 29 14 9 26 23 22 49 50 21 24 27 28 25 10 13 14 9 22 49 30 31 26 27 28 25 2 65 18 15 32 33 16 17 26 27 34 31 18 10 13 19 28 25 66 1 50 21 20 17 32 29 14 9 10 13 30 31 22 14 9 2 65 10 13 14 9 32 33 34 26 27 18 15 10 28 16 66
7	1 21 15 16 17 29 9 10 13 14 9 22 30 27 2 65 28 25 10 13 14 9 26 27 18 15 28 23 10 16 19 24 20 66
7	1 21 17 29 9 10 13 22 49 14 9 30 31 2 65 10 13 18 15 14 9 66 1 27 28 23 10 13 24 25 50 21 16 17 32 29 14 9 10 11 12 9 30 31 22 49 26 27 2 65 28 25 10 13 18 15 66 1 16 17 14 9 32 33 50 55 26 27 2 34 28 18 23 15 10 56 16 24
1	29 15 13 21 25 16 19 51 3 1 20 75 52 4 47 76 81 48 14 9 10 11 82 39 12 9 10 13 40 30 31 22 14 9 26 27 28 23 24 27 2 28 25 10 13 26 27 28 25 57 26 27 58 67 28 25 68 57 26 23 14 9 58 24 27 10 28 32
1	29 21 15 1 16 17 9 10 13 14 9 10 13 30 22 49 27 14 9 2 10 28 25 26 27 28 25 26 27 18 28 50
1	21 29 63 19 3 1 20 75 9 17 64 67 45 10 13 76 81 46 53 4 47 14 9 82 39 48 3 10 11 12 9 10 13 40 81 68 63 14 9 22 49 30 31 64 67 27 2 65 28 25 10 13 18 15 26 27 16 17 28 25 18 32 29 19 50 21 51 68 63 66 1 20 17 82 75 54 45 52 61 64 67 76 46 53 4 47 14 9 48 62 59 10 11 12 9 60 10 13 30 22 49 14 9 54 7 26 27 28 23 2 24 25 8 10 13 68 57 26 27 58 28 23 14 9 10 24 18 50
1	21 29 1 17 9 75 10 13 76 81 14 9 82 39 10 13 40 81 14 9 22 49 30 31 2 65 27 28 25 10 13 26 27 14 9 10 13 28 25 18 50 21 19 32 29 63 51 66 1 64 67 20 17 82 75 52 61 45 76 46 62 14 9 10 13 14 9 26 27 22 30 31 10 13 14 9 28 25 2 10 13 68 57 14 9 26 27 58 28 18 10 32
1	29 21 51 19 1 20 17 75 9 52 61 45 47 76 81 10 13 46 53 48 3 14 9 10 13 22 49 54 7 14 9 30 31 27 2 65 8 28 25 10 13 26 27 32 33 50 55 34 31 14 9 56 49 10 13 18 15 62 51 28 25 16 19 50 21 32 29 63 66 1 20 64 67 82 75 14 9 52 61 76 10 13 14 9 10 13 30 31 22 14 9 26 27 2 28 25 10 13 14 9 10 13 4 26 27 32 33 68 57 34 31 14 9 28 23 58 24 27 10 62 28 32
1	29 21 19 1 20 15 9 16 45 61 10 13 46 53 62 14 9 10 11 12 9 10 13 30 31 22 54 7 14 9 23 2 8 24 25 10 13 32 33 34 31 26 14 32
1	29 21 25 13 19 63 14 9 1 64 20 17 45 10 13 46 14 9 10 13 14 9 26 27 39 28 25 69 10 13 40 70 14 9 22 30 31 26 27 2 28 25 10 13 77 18 15 16 78 26 27 14 9 28 10 32
1	13 29 21 15 16 19 1 20 15 14 9 16 17 10 13 14 9 10 13 22 30 14 31 9 27 10 13 2 28 25 14 9 10 13 14 9 10 13 14 9 26 27 28 23 24 10 18 32
1	29 25 21 19 63 1 20 17 64 75 9 67 10 13 76 81 59 14 9 60 22 49 10 13 30 31 26 27 7 14 9 2 65 10 13 8 53 28 25 18 15 16 17 14 9 10 13 26 27 14 9 28 25 18 10 13 32 29 19 50 21 66 1 20 17 82 75 14 9 22 49 76 81 10 13 50 21 14 9 54 7 22 49 26 27 30 31 2 65 10 13 28 25 8 26 27 14 9 28 25 18 15 10 13 50 21 32 29 16 19 20 15 66 1 16 17 82 75 14 9 10 13 76 81 14 9 82 39 10 13 40 30 22 49 68 63 14 9 26 27 64 67 2 28 25 10 13 68 26 57 27 28 25 58 26 27 14 9 28 10 18 50
1	21 29 51 19 1 20 17 9 52 61 10 13 62 59 60 14 9 39 10 13 40 63 14 9 22 49 30 31 64 2 10 13 18 15 16 17 27 50 55 28 14 56 18 32
2	21 29 19 20 1 9 17 10 13 14 9 10 13 14 9 22 7 10 13 30 31 14 9 27 2 8 28 25 10 13 32 33 26 14 34 31 18 15 16 32
2	29 25 13 15 21 16 19 1 20 14 9 10 13 47 48 14 9 10 13 22 49 7 30 31 14 9 26 27 2 8 28 25 10 13 50 21 22 14 9 26 57 58 10 32
2	29 25 21 15 16 19 1 20 17 9 47 48 3 10 13 30 31 22 14 9 26 27 2 28 25 10 13 14 9 10 13 14 9 10 13 14 9 26 27 57 4 28 23 58 24 10 18 32
2	29 19 21 51 3 1 75 20 9 52 4 47 76 10 13 48 3 14 9 10 13 22 49 27 30 31 14 9 2 50 55 56 49 28 25 10 13 14 9 10 13 14 26 27 28 23 50 55 4 24 27 28 56 32
2	49 29 51 13 15 50 21 16 19 63 75 3 1 64 52 20 17 14 9 10 13 76 14 9 10 13 22 14 9 30 31 27 2 10 13 28 25 14 9 10 13 4 26 27 14 9 28 10 18 32
2	29 19 21 20 15 1 16 75 45 46 53 76 81 9 82 39 40 10 13 22 54 7 30 14 31 9 27 2 28 25 8 10 13 26 27 14 9 10 13 32 33 34 31 14 9 28 23 10 24 32
2	29 21 15 16 19 1 45 20 15 16 9 46 53 10 13 14 9 10 13 22 54 7 30 31 14 9 2 10 13 8 14 9 10 13 14 9 10 13 14 9 10 13 57 14 9 10 58 32
2	29 21 19 1 9 20 45 10 13 46 14 9 10 13 22 30 31 14 9 23 2 24 27 28 25 10 13 26 14 32
2	29 13 21 25 51 19 63 1 20 17 64 75 14 9 52 10 13 76 14 9 10 13 22 30 31 26 27 14 9 2 28 25 10 13 14 9 10 13 32 33 26 27 14 34 31 18 15 16 28 32
2	29 13 21 19 1 20 14 9 17 47 10 13 48 3 14 9 39 10 13 40 7 22 30 31 14 9 27 2 8 28 25 10 13 26 27 14 9 57 58 4 18 10 28 32
2	29 21 63 1 9 17 75 64 67 10 13 76 81 14 9 82 39 10 40 13 14 9 22 30 31 27 2 28 25 10 13 18 15 68 14 9 26 16 10 11 12 32
2	29 13 67 27 28 25 19 21 1 75 20 14 9 17 76 10 13 14 9 10 13 14 9 10 13 14 9 22 49 10 13 30 26 27 14 9 2 28 25 10 13 14 9 10 13 14 9 26 27 68 57 10 13 58 14 9 28 23 10 24 18 50
2	21 25 29 19 3 1 20 17 9 10 13 4 47 48 3 14 9 10 13 14 9 7 22 49 30 31 26 27 50 55 2 8 56 28 25 10 13 14 9 57 26 27 32 33 28 23 58 34 31 4 18 10 24 32
2	29 19 21 63 75 3 1 64 67 20 45 9 4 47 76 10 13 46 53 48 14 9 10 13 54 7 30 22 31 14 9 23 2 24 27 28 25 8 10 13 14 9 10 13 68 57 26 14 9 58 10 32
2	29 51 25 15 21 16 19 20 15 1 52 9 16 10 13 63 47 64 14 9 10 13 48 14 9 10 13 14 9 26 27 30 31 22 2 28 25 10 13 14 9 10 26 27 28 25 26 27 28 32
3	29 25 13 21 19 63 1 20 17 14 9 64 67 10 13 14 9 10 13 22 49 30 14 31 9 26 27 2 65 28 25 10 13 14 9 10 13 26 27 14 9 50 55 56 49 77 28 25 50 21 18 10 13 19 32 29 68 63 78 3 66 1 20 14 9 64 10 13 14 9 10 13 14 9 22 49 7 26 27 30 31 50 55 2 8 56 49 28 25 10 13 26 27 14 28 50 4 32
3	29 13 51 25 21 19 63 75 3 1 20 17 14 9 45 52 64 67 10 13 76 46 14 9 10 13 14 9 22 49 30 31 26 27 2 65 28 25 10 13 14 9 10 13 26 27 14 9 32 33 4 77 34 31 32 29 50 21 28 25 18 15 10 13 16 19 78 3 66 1 20 14 9 10 13 14 9 10 13 22 30 31 14 9 26 27 2 28 25 10 13 14 26 27 68 57 28 23 58 4 24 32
3	29 25 21 19 13 51 3 20 1 14 9 52 45 46 10 13 22 49 14 9 30 31 26 27 2 28 25 10 13 14 26 27 57 28 23 50 55 56 4 24 27 58 28 32
3	29 13 15 21 3 16 19 1 20 17 14 9 10 13 14 9 22 30 31 7 27 2 8 28 25 10 13 26 27 14 57 32 33 58 34 31 4 18 28 32
3	29 19 51 21 13 20 1 75 52 76 14 9 10 13 22 7 30 31 14 9 27 2 8 10 13 28 25 14 26 27 28 32
3	29 13 21 19 75 1 20 14 9 10 13 76 47 14 9 10 13 48 3 14 9 10 13 14 9 7 22 27 30 31 2 28 23 8 24 27 28 25 10 13 26 27 14 9 4 28 10 32
3	29 15 16 21 19 1 20 15 16 45 9 10 13 46 14 9 10 13 14 9 22 30 31 27 2 28 25 10 13 26 27 14 28 23 24 32
3	29 13 15 21 16 19 1 20 14 9 10 13 47 48 14 9 10 13 22 30 31 27 14 9 2 10 13 28 25 14 9 10 13 32 33 26 27 28 14 23 34 31 24 32
3	29 15 13 51 21 16 19 63 1 20 17 14 9 75 52 76 81 64 67 10 13 14 9 82 81 22 49 30 31 27 2 65 28 25 10 13 14 9 26 27 32 33 34 31 28 25 10 13 18 50 21 32 19 29 66 1 20 17 14 9 45 68 63 47 10 13 46 53 64 48 14 9 82 39 40 10 13 22 54 7 30 31 14 9 26 27 2 8 28 25 10 13 26 14 32 33 34 31 18 32
3	29 13 25 21 19 1 20 45 47 46 53 14 9 48 10 13 54 7 22 14 9 26 27 30 31 2 8 28 25 10 13 57 14 9 58 10 13 32 33 26 27 14 34 31 28 23 24 27 28 32
3	29 13 21 19 63 14 9 20 1 17 10 13 64 14 9 39 40 10 13 22 49 7 30 31 14 9 2 27 8 28 25 10 13 14 9 26 27 32 33 10 11 50 55 28 23 12 56 34 31 24 18 32
3	15 29 25 13 16 19 21 1 20 14 9 10 13 14 9 10 13 14 9 22 49 30 31 26 27 2 28 25 10 13 14 9 10 13 14 9 32 33 26 27 28 23 50 55 34 31 24 27 56 28 10 32
3	29 15 51 21 16 19 20 1 52 9 47 10 13 14 9 48 3 10 13 22 49 14 9 30 31 27 2 10 13 14 9 28 25 10 13 26 27 14 9 50 55 4 56 10 28 32
3	29 19 21 63 75 3 1 20 64 67 4 47 76 48 9 10 13 22 14 9 30 31 27 2 28 25 10 13 26 14 9 68 57 58 10 32
4	29 13 15 21 63 16 19 3 64 1 20 17 14 9 45 10 13 46 53 14 9 10 13 14 9 54 7 22 49 27 30 31 2 65 10 13 8 28 25 50 21 22 49 32 33 34 31 14 9 26 27 50 55 10 11 28 23 4 77 24 27 56 49 12 9 18 15 10 13 28 25 50 21 32 29 16 19 78 3 66 1 20 15 16 17 14 9 10 13 14 9 10 13 22 30 31 14 9 26 27 2 28 25 10 13 18 15 16 17 14 26 4 18 32
4	29 25 21 19 13 1 20 45 17 46 53 14 9 61 62 10 13 14 9 22 49 26 30 27 31 54 7 2 8 10 13 28 25 32 33 14 9 26 34 31 50 55 56 18 10 32
4	29 25 21 19 1 75 20 17 9 76 10 13 14 9 10 13 14 9 30 7 31 22 26 27 2 8 28 25 10 13 14 9 10 13 32 33 26 14 9 34 31 18 10 32
4	29 25 21 3 1 9 10 13 14 9 10 13 22 30 31 7 14 9 26 27 2 8 28 25 10 13 26 27 14 9 4 28 10 32
4	29 19 21 3 1 20 15 16 17 9 10 13 4 47 14 9 48 3 10 13 22 14 9 30 31 2 27 28 25 10 13 26 14 4 18 32
4	29 25 21 19 13 1 20 14 9 10 13 14 9 39 10 13 40 22 30 31 26 27 14 9 2 10 28 13 25 26 27 14 9 28 23 24 27 28 10 32
4	13 29 15 21 16 19 1 20 45 47 46 14 9 48 10 13 14 9 22 49 30 31 27 2 28 25 10 13 14 9 10 13 32 33 26 27 14 9 34 31 50 55 28 23 56 10 24 32
4	29 21 19 20 15 1 16 17 45 9 47 46 10 13 14 61 9 48 3 10 13 22 49 30 31 14 9 27 2 28 25 10 13 32 33 14 26 27 18 15 50 55 34 31 28 23 16 56 4 62 24 32
4	29 21 13 19 75 1 20 17 22 49 76 50 21 14 9 10 13 14 9 30 31 22 7 27 2 8 28 25 10 13 32 33 26 27 14 34 31 28 23 24 18 32
4	29 21 13 19 1 20 17 14 9 47 10 13 14 9 48 10 13 14 9 22 27 30 31 2 28 25 10 13 26 32 33 14 34 31 18 32
4	29 25 13 51 21 63 19 14 9 1 20 15 52 16 10 13 64 67 14 9 22 30 7 31 26 27 2 8 28 25 10 13 26 68 57 58 14 9 10 32
4	29 25 21 19 1 20 15 45 16 17 47 46 9 61 48 10 13 14 9 22 30 31 26 27 18 15 2 16 17 28 25 10 13 26 14 9 32 33 57 18 15 34 31 58 62 16 10 32
4	29 25 21 1 17 45 9 63 47 64 67 46 10 13 14 9 48 22 30 31 26 27 18 15 28 23 2 16 17 24 27 28 25 26 27 28 25 10 13 26 27 69 70 14 68 57 58 18 28 32
4	29 51 21 19 13 1 20 17 52 14 61 9 10 13 14 9 18 15 10 13 16 17 22 49 30 14 31 9 27 2 50 55 28 23 56 24 27 28 25 10 13 18 15 16 17 14 26 27 32 33 18 15 34 31 16 17 28 62 18 32
4	29 25 13 21 19 1 20 75 3 17 14 9 63 10 13 76 64 14 9 10 13 22 30 31 18 15 14 9 26 23 2 24 25 16 17 10 13 14 9 26 27 4 18 28 10 32
4	13 29 21 19 3 1 20 4 47 14 9 48 3 10 13 22 49 14 9 30 31 27 2 28 25 10 13 14 9 10 13 14 9 32 33 26 27 50 55 34 4 56 49 10 28 50
5	15 29 16 19 21 20 1 17 9 10 13 14 9 10 13 14 9 22 49 27 30 31 7 2 28 8 25 10 13 32 33 14 9 57 26 27 34 50 55 28 23 58 24 56 27 49 18 10 28 50
5	21 29 19 1 20 17 9 10 13 14 9 10 13 22 49 7 30 31 14 9 2 27 8 28 25 10 13 26 27 32 33 14 9 57 50 55 28 23 34 31 58 18 56 10 24 32
5	29 21 19 3 75 1 45 9 20 61 17 22 49 4 47 76 50 21 46 62 48 10 13 27 30 22 49 14 9 2 10 13 28 25 26 27 14 9 57 18 15 28 23 16 17 24 27 58 18 28 10 50
5	21 29 19 1 20 45 9 22 49 47 46 50 21 48 39 40 22 49 30 27 2 28 25 10 13 14 9 26 27 28 23 24 27 28 10 50
5	21 29 19 1 20 17 9 10 13 14 9 10 13 22 30 31 14 9 27 63 2 64 28 25 10 13 26 27 14 9 18 28 23 24 27 28 10 32
5	29 21 19 1 20 17 9 22 49 47 50 21 48 3 10 13 14 9 22 49 27 30 2 28 25 10 13 57 26 14 9 23 24 27 58 18 15 28 4 16 10 50
5	21 29 1 17 9 10 13 14 9 39 40 10 13 22 27 30 31 14 9 2 10 13 28 25 14 32 33 26 27 18 15 34 31 16 28 32
5	29 13 21 1 17 14 9 47 10 13 14 9 48 3 22 27 30 31 7 2 8 28 25 10 13 14 9 10 13 26 32 33 14 57 18 15 16 4 34 31 58 32
5	29 15 13 25 16 21 19 75 1 3 20 17 22 49 76 50 21 14 9 22 49 26 27 30 31 7 2 65 8 53 10 13 28 25 14 9 10 13 26 27 14 9 28 23 50 55 4 77 24 27 10 13 56 49 28 25 32 29 50 21 18 19 14 9 66 1 78 20 17 10 13 14 9 10 11 12 9 10 13 54 7 22 49 30 14 9 26 27 2 8 28 25 10 13 26 27 14 9 18 10 28 50
5	21 29 19 1 9 20 17 10 13 22 14 9 27 30 31 2 10 13 28 25 26 27 14 9 18 15 16 17 18 15 10 28 16 32
5	29 21 15 1 9 16 17 10 13 22 14 9 7 30 31 27 2 8 28 25 10 13 32 33 26 27 14 9 57 28 23 58 18 15 34 31 24 27 16 10 28 32
5	29 21 15 1 16 17 45 22 49 9 63 46 50 53 21 10 13 64 67 14 9 10 13 22 14 9 68 63 30 31 27 54 7 2 64 67 8 28 25 10 13 14 26 27 28 23 68 57 18 24 58 32
5	29 13 25 21 19 1 20 45 14 9 46 30 31 26 27 22 49 63 2 64 28 25 10 13 32 33 26 14 9 50 55 34 31 56 10 32
5	13 29 25 21 19 3 75 1 20 17 45 14 9 4 47 76 46 48 10 13 14 9 22 49 63 26 27 30 31 64 2 28 25 10 13 14 9 10 13 26 27 14 9 18 10 28 50 32
5	21 29 19 1 20 17 45 9 22 49 63 50 21 46 10 13 64 67 14 9 68 63 22 30 31 27 18 15 64 2 16 28 25 10 13 26 14 32
5	29 25 21 13 19 1 20 17 14 9 10 13 30 31 22 26 27 14 9 2 10 13 28 25 14 9 10 13 26 27 14 18 28 32
5	29 21 13 19 1 20 17 14 9 10 13 22 49 14 9 30 27 2 28 25 10 13 14 9 26 27 18 15 16 17 18 10 28 50
6	29 13 21 19 1 20 17 14 9 71 72 10 13 22 14 9 30 31 18 15 27 7 2 16 17 8 28 25 10 13 26 27 14 28 23 24 18 32
6	29 13 19 21 1 20 17 14 9 10 13 61 14 9 10 13 22 49 27 30 31 14 9 18 15 2 16 17 28 25 10 13 14 9 32 33 26 27 28 23 34 24 27 18 10 28 62 50
6	21 19 29 1 20 17 3 9 45 10 13 46 14 9 10 13 22 49 14 30 9 27 18 15 2 16 17 28 25 10 13 26 27 14 18 4 28 50
6	21 19 29 13 1 20 17 14 9 10 13 27 22 49 30 14 9 2 10 13 28 25 26 27 14 9 57 58 18 28 10 50
6	21 19 29 1 20 15 9 10 13 16 17 14 9 10 13 14 9 22 49 30 27 2 10 13 28 25 14 9 26 50 55 18 10 56 49 50
6	21 25 29 19 1 20 17 9 10 13 22 30 31 14 9 26 27 2 28 25 10 13 32 33 26 14 34 31 18 32
6	29 25 19 13 21 1 20 17 14 9 63 10 13 64 14 9 10 13 30 31 22 49 14 9 26 27 2 10 13 28 25 50 21 22 26 27 14 18 28 32
6	29 13 21 1 17 14 9 10 13 14 9 10 13 63 30 31 22 14 9 64 67 27 2 28 25 10 13 14 26 27 68 57 58 28 18 32
6	29 13 19 1 20 17 14 9 21 47 48 10 13 30 31 22 49 7 27 14 9 2 8 28 25 10 13 50 21 22 32 33 14 26 9 27 34 31 28 23 69 24 10 70 18 32
6	29 25 21 1 17 45 9 18 15 46 53 16 17 10 13 22 30 26 31 14 27 9 54 7 2 8 28 25 10 13 14 9 10 13 14 9 26 57 32 33 18 15 34 31 58 16 10 32
6	29 25 51 21 19 1 20 15 16 17 52 9 10 13 22 49 14 9 30 31 26 27 2 65 28 25 10 13 14 9 26 27 50 55 56 49 18 32 29 19 10 13 28 25 50 21 66 1 20 17 45 14 9 47 63 46 53 64 48 10 13 22 49 54 7 30 31 14 9 26 27 2 8 28 25 10 13 14 9 26 27 32 33 18 19 20 17 34 18 15 16 28 10 50
6	21 29 1 15 16 17 9 10 13 14 9 10 13 14 9 22 30 31 27 2 28 23 24 27 28 25 10 13 14 9 26 18 10 32
6	29 25 21 19 20 15 1 16 17 9 10 13 14 9 61 62 10 13 22 14 9 30 31 7 26 27 2 8 10 13 28 25 26 14 9 10 18 32
6	29 25 21 1 17 9 10 13 22 14 9 30 31 26 27 10 13 2 14 9 10 13 28 25 57 26 27 14 18 58 28 32
6	29 19 21 13 1 3 20 17 14 9 10 13 22 49 30 31 14 9 27 2 10 13 28 25 50 21 22 26 27 32 33 14 28 23 34 31 24 27 4 18 28 32
6	29 13 21 1 17 14 9 10 13 14 9 10 13 22 49 27 14 9 30 31 18 15 50 55 2 16 17 56 10 13 28 25 26 14 9 10 18 32
6	29 21 25 19 1 20 9 10 13 14 9 10 13 22 30 31 14 9 26 27 2 28 25 10 13 14 26 69 70 32
6	29 25 13 19 1 21 20 17 14 9 63 64 67 10 13 22 30 31 14 9 26 27 7 2 8 28 25 10 13 14 68 57 26 27 58 18 28 32
7	13 29 21 19 1 20 17 14 9 63 10 13 64 14 9 10 13 22 30 31 14 9 27 2 28 25 10 13 14 9 32 33 26 34 31 18 10 32
7	29 25 19 21 1 20 9 17 63 10 13 64 14 9 22 49 26 27 30 2 28 25 10 13 14 9 26 27 18 15 16 28 10 50
7	21 29 15 1 16 17 63 64 9 22 49 30 31 27 2 28 25 10 13 50 21 22 26 14 18 32
7	29 19 13 25 21 1 20 14 9 17 10 13 14 9 10 13 26 27 22 49 14 9 30 31 2 10 13 28 25 14 9 26 27 32 33 28 23 34 31 24 27 18 28 10 50 32
7	21 29 15 1 16 17 9 63 64 10 13 22 30 31 14 9 27 2 28 25 10 13 26 27 14 9 28 23 10 18 24 32
7	29 25 19 21 1 20 9 17 10 13 14 9 10 13 26 27 22 49 30 14 9 2 28 25 10 13 18 15 57 26 27 14 9 16 17 18 58 10 28 50
7	21 19 29 20 1 17 45 46 61 9 62 22 30 49 27 2 28 25 10 13 14 9 10 13 14 9 26 27 18 10 28 50
7	21 19 29 20 1 17 9 22 49 30 31 27 2 10 13 28 25 14 9 26 27 32 33 57 18 15 34 58 10 28 16 50
7	19 21 29 1 20 15 9 16 17 10 13 14 9 22 27 30 31 2 28 25 10 13 14 9 32 33 18 15 26 27 57 16 17 34 31 18 10 58 28 32
7	29 21 1 45 17 9 10 13 46 14 9 10 13 30 31 14 9 22 49 27 2 28 25 10 13 14 9 26 27 32 33 34 18 10 28 50
7	21 19 29 1 20 17 9 47 48 3 10 13 22 49 14 30 9 27 2 28 25 10 13 14 9 10 13 14 9 26 27 10 11 12 9 4 18 15 10 28 16 50
7	21 29 15 3 1 63 9 16 17 10 13 64 14 9 10 13 14 9 22 49 27 30 18 15 7 16 17 2 28 25 8 10 13 50 21 22 49 14 9 26 27 4 28 18 10 50
7	21 19 29 1 20 17 9 10 13 14 9 10 13 22 49 30 31 14 9 27 2 28 25 10 13 32 33 14 9 26 27 34 18 28 10 50
7	21 19 29 20 15 1 16 17 9 47 10 13 14 9 48 10 13 22 14 9 30 27 31 2 28 25 10 13 32 33 14 26 57 34 31 58 18 32
7	29 25 13 19 21 1 20 15 63 16 64 14 9 10 13 14 9 22 26 27 30 31 2 28 25 10 13 14 9 26 27 10 28 32
7	29 21 19 1 20 17 9 18 15 16 17 10 13 22 49 14 9 30 31 27 2 28 25 10 13 32 33 26 27 14 9 34 28 23 24 18 10 50
7	21 19 29 1 20 17 9 10 13 22 49 14 9 27 30 31 7 2 8 28 25 10 13 26 27 32 33 14 9 50 55 28 23 34 31 57 56 10 58 24 18 32
7	29 25 19 21 3 1 20 15 9 4 47 63 16 17 64 48 10 13 30 31 14 9 22 49 26 27 18 2 15 50 55 16 17 56 28 25 10 13 14 26 27 18 28 32
7	29 13 21 1 14 9 47 10 13 14 9 48 30 31 22 49 27 2 10 13 28 25 14 9 10 13 14 9 26 27 28 23 24 27 10 28 50 32
7	21 29 19 1 20 15 63 16 17 64 9 22 49 30 31 27 7 2 28 25 8 10 13 26 27 14 9 28 23 50 55 24 56 18 15 10 16 32
7	29 25 21 1 15 16 17 9 22 30 31 26 27 7 2 8 28 25 10 13 14 9 10 13 26 27 14 32 33 57 28 23 34 31 18 24 27 58 28 32
1	1 19 49 50 21 29 20 15 16 17 9 10 13 81 14 9 5 10 11 12 9 6 37 22 49 30 31 10 11 27 12 9 2 65 50 55 10 13 28 25 77 56 49 78 3 26 27 14 9 10 13 28 25 26 27 28 25 26 27 28 25 26 27 4 77 28 27 66 1 18 19 28 25 32 29 50 21 41 78 3 20 17 82 75 38 35 42 4 47 76 43 69 36 37 70 14 9 48 3 44 38 5 6 22 30 31 26 27 2 65 10 4 77 28 25 78 26 27 28 25 26 32 33 18 34 66
1	1 19 25 21 29 20 17 9 10 13 14 9 5 6 30 31 22 49 26 27 28 23 2 65 24 27 28 25 10 26 27 28 25 26 27 32 33 34 50 55 18 28 56 66
1	1 29 21 17 75 35 9 47 76 10 13 43 36 37 14 9 48 44 38 5 6 30 22 49 23 50 55 2 65 24 27 56 28 25 10 26 27 28 23 24 18 66
1	1 21 19 29 20 17 35 9 47 36 10 13 14 9 48 10 11 12 9 22 30 27 28 23 2 65 24 25 10 13 14 9 10 26 27 28 25 26 27 18 28 66
1	1 29 15 21 16 17 35 9 36 37 10 13 14 9 22 49 30 31 23 2 65 24 27 28 25 10 13 26 27 28 25 66 1 26 27 18 15 16 19 28 25 32 29 50 21 20 15 16 17 14 9 10 13 14 9 30 31 22 49 26 23 2 65 24 27 77 28 25 10 13 78 3 26 27 28 25 66 1 26 27 18 15 16 19 4 28 25 32 29 50 21 3 20 17 14 9 10 13 14 9 38 5 6 30 31 22 49 32 33 26 27 10 2 28 23 34 24 4 77 25 78 57 26 27 58 28 23 50 55 24 27 18 56 49 28 50
1	21 1 29 17 75 9 10 13 76 43 14 9 44 5 6 30 31 22 27 2 10 65 28 25 32 29 30 26 27 28 23 24 27 18 28 66
1	1 21 29 67 17 9 10 13 14 9 5 6 22 49 30 27 2 28 25 10 26 18 68 50
1	21 25 1 29 67 17 35 47 36 9 48 39 40 30 22 26 27 2 65 28 25 10 68 57 26 58 18 66
1	1 63 25 21 29 15 64 67 16 17 9 10 13 14 9 30 31 22 49 26 27 2 65 28 25 10 13 26 27 50 55 56 49 18 15 68 63 16 19 28 25 66 1 50 21 32 29 64 20 15 16 17 35 14 9 47 10 13 43 36 14 9 48 44 39 10 11 40 12 9 30 22 26 27 2 65 10 28 25 18 15 16 17 18 15 16 19 20 15 16 17 26 18 66
1	1 25 21 29 17 9 10 13 81 14 9 82 22 49 30 26 27 2 65 28 25 26 27 28 25 10 26 27 50 55 56 18 28 66
2	1 21 29 3 17 9 10 13 4 47 48 3 14 9 5 6 22 30 31 27 32 33 2 65 34 28 25 10 26 18 4 66
2	1 25 21 29 15 3 16 17 35 4 47 36 9 48 3 30 22 49 26 27 2 65 10 28 25 18 15 16 19 20 15 26 27 16 17 57 50 55 28 23 58 4 24 18 56 66
2	1 29 25 21 17 75 35 47 76 43 36 48 44 9 30 22 49 10 11 26 23 2 24 27 12 9 28 25 10 26 27 69 18 15 28 70 16 50
2	21 1 29 15 16 17 75 35 9 47 76 10 13 43 36 14 9 48 3 44 22 30 27 2 65 10 4 77 28 25 78 3 26 27 18 4 28 66
2	1 29 21 3 17 9 10 13 14 9 5 6 22 49 30 31 23 2 65 24 27 28 25 10 13 32 33 34 31 26 27 69 18 15 70 28 25 16 19 32 29 50 21 66 1 20 17 14 9 10 13 14 9 30 22 26 23 2 65 24 27 10 28 25 18 15 26 16 4 66
2	1 19 25 29 21 20 17 9 35 10 13 36 14 9 30 22 49 26 27 2 10 13 14 9 10 13 28 25 14 9 26 27 10 28 18 15 16 50
2	21 29 1 17 9 5 6 30 22 49 27 2 65 50 55 28 27 56 10 13 77 28 25 78 66 1 14 9 26 27 28 23 2 65 24 27 18 15 10 16 28 66
2	1 29 21 15 16 17 9 47 10 13 14 9 48 3 5 6 30 22 49 27 2 28 23 24 25 4 77 10 78 26 27 28 25 26 27 57 58 18 15 16 28 50
2	21 1 29 17 9 10 13 14 9 30 31 22 27 2 65 28 25 10 13 32 33 18 15 14 9 34 16 17 18 15 26 69 16 17 18 10 70 66
2	1 19 25 29 21 20 15 75 16 17 35 9 76 10 13 36 14 9 30 31 22 49 26 27 2 28 25 10 13 26 27 14 9 57 50 55 58 56 18 10 28 32
2	29 21 1 15 16 9 17 43 44 79 5 6 37 30 31 22 49 27 50 55 2 65 56 49 10 13 28 25 14 9 26 27 50 55 56 49 18 10 13 19 32 29 28 25 50 21 66 1 20 17 14 9 80 43 44 30 31 22 49 26 27 2 65 28 25 10 13 26 27 18 15 28 25 16 19 50 21 66 1 32 29 20 17 14 9 10 13 14 9 38 5 6 30 22 49 26 27 50 55 2 56 49 28 25 10 26 27 28 25 26 27 57 69 70 58 18 15 16 28 50
3	1 21 29 15 16 17 35 9 10 13 43 36 37 14 9 44 38 5 6 37 30 31 22 49 27 2 65 10 13 28 25 66 1 26 27 18 15 77 16 19 28 25 63 50 21 32 29 78 3 64 20 15 14 9 16 17 10 13 14 9 38 5 6 22 49 30 26 27 2 65 28 25 10 13 26 27 14 9 50 55 28 23 4 10 56 18 15 16 24 66
3	1 21 29 17 9 10 13 14 9 5 6 30 31 22 27 2 65 28 25 10 26 27 57 32 33 58 28 23 34 18 24 66
3	1 25 21 29 17 9 10 13 14 9 5 6 30 31 22 49 26 27 2 65 28 25 10 13 18 15 66 1 16 17 32 33 14 9 26 27 57 34 58 10 2 28 23 18 15 24 16 50
3	21 1 29 17 9 10 13 14 9 22 49 30 31 27 50 55 2 56 49 28 25 10 57 26 18 15 50 58 16 32
3	29 25 49 1 50 21 17 9 47 10 13 14 48 9 30 22 10 11 26 23 2 65 12 9 24 27 28 25 10 13 14 26 27 18 15 16 28 66
3	1 29 21 13 15 16 17 14 9 47 43 10 13 81 14 9 48 44 82 22 49 30 31 27 2 28 25 10 13 26 14 9 50 55 10 18 15 56 16 32
3	29 1 25 21 17 35 9 47 10 13 36 37 14 9 48 30 31 22 49 26 27 2 65 10 13 28 25 18 15 26 27 16 17 57 58 18 19 28 25 66 1 50 21 32 29 20 17 14 9 38 35 10 13 43 36 44 14 9 30 31 22 49 26 27 2 65 28 10 25 26 27 32 33 18 15 50 55 16 34 56 28 66
3	1 29 21 15 16 17 9 10 13 14 9 5 6 22 49 30 31 27 2 65 28 25 10 18 15 32 33 26 16 17 50 55 34 18 56 66
3	1 25 21 29 17 9 43 10 13 14 9 44 5 6 22 49 30 31 26 27 2 65 28 25 10 13 18 26 15 27 14 9 16 17 28 23 10 13 77 18 15 32 29 24 16 19 25 66 1 50 21 78 3 20 17 14 9 10 13 14 9 30 22 26 27 2 65 28 25 10 13 26 27 14 18 4 28 66
3	1 13 21 29 17 3 14 9 10 13 14 9 22 30 27 5 2 65 6 10 28 25 26 27 57 69 28 23 70 4 58 18 15 16 24 66
3	1 25 21 29 3 17 9 4 10 13 14 9 30 22 10 11 26 27 2 65 12 9 28 25 10 26 27 18 28 66
3	1 29 21 17 47 48 3 9 30 22 27 2 65 28 25 10 26 27 57 28 23 58 18 15 4 24 16 66
4	1 21 29 17 9 10 13 14 9 22 30 10 11 27 12 2 9 65 10 28 25 26 27 57 58 18 15 16 28 66
4	1 15 21 29 16 17 9 10 13 14 9 5 6 30 22 27 2 65 28 25 10 26 27 18 28 66
4	1 21 17 29 9 10 13 14 9 5 6 22 27 30 2 65 28 25 10 13 26 27 18 14 28 66
4	1 21 29 13 17 35 14 9 10 13 36 14 9 30 31 22 27 2 65 28 25 10 26 32 33 34 18 66
4	1 25 21 29 17 35 9 10 13 36 14 9 22 30 31 26 27 2 65 10 28 25 26 69 32 70 18 66
4	1 31 19 25 21 32 29 20 15 16 17 9 10 13 14 9 22 30 26 27 2 65 10 13 28 25 26 27 57 14 9 58 10 18 28 66
4	1 29 21 17 9 10 13 14 9 5 6 22 30 27 2 65 10 28 25 26 57 58 18 15 16 66
4	1 25 29 21 17 9 10 13 14 9 22 30 26 27 2 65 28 25 26 27 10 13 28 25 26 27 14 9 28 23 10 18 24 27 28 66
4	1 29 21 15 16 17 9 10 13 14 9 30 22 2 65 27 10 13 28 25 26 27 14 9 57 10 58 18 28 66
4	1 21 29 15 16 17 9 22 30 31 27 2 65 10 13 28 25 26 27 57 14 9 58 32 33 10 18 34 28 66
4	1 29 21 15 16 17 9 10 13 14 9 22 49 30 27 2 65 28 25 10 26 27 57 28 23 58 50 55 18 15 16 24 56 66
4	1 25 21 15 29 3 16 17 9 10 13 14 9 5 6 22 30 31 26 27 2 65 28 25 10 18 15 26 16 17 57 32 33 18 58 4 34 66
4	1 19 25 21 29 3 20 17 9 10 13 14 9 30 22 49 26 27 50 55 2 65 56 49 10 13 28 25 26 27 14 9 57 50 55 58 10 56 4 18 15 16 28 66
4	1 29 21 17 9 10 13 14 9 30 22 27 2 65 10 13 28 25 18 15 16 17 26 18 15 16 14 66
4	1 25 29 13 21 15 16 17 14 9 47 10 13 48 3 14 9 22 49 30 31 26 27 2 65 28 25 10 13 26 27 66 1 57 28 23 4 77 58 67 18 19 14 9 24 25 50 21 32 29 78 20 17 10 13 14 9 10 13 14 9 5 6 22 30 31 26 27 2 65 10 13 14 9 10 13 28 25 26 68 57 14 32 33 58 34 18 66
5	1 21 29 17 9 30 22 27 2 65 28 25 10 13 14 9 26 27 18 15 10 16 28 66
5	1 21 29 17 9 30 22 27 2 65 28 25 10 13 18 15 16 17 14 9 26 27 10 18 15 16 28 66
5	1 63 29 21 17 64 9 10 13 14 9 5 6 22 30 2 65 10 13 14 9 27 10 13 28 25 26 14 18 15 16 66
5	1 25 21 29 15 13 16 17 14 9 10 13 14 9 30 31 22 26 27 2 28 25 10 13 14 9 26 27 57 18 15 58 10 16 28 32
5	29 1 21 15 16 17 9 30 22 27 2 65 28 25 10 26 18 15 16 66
5	1 25 21 29 15 16 17 9 30 22 49 26 27 2 28 25 10 13 26 27 14 9 10 28 18 50
5	21 29 1 15 16 17 67 9 22 30 31 10 11 27 2 65 12 9 28 25 10 13 14 9 26 27 68 57 32 33 58 18 15 10 16 34 28 66
5	1 21 15 29 16 17 9 10 13 14 9 30 22 27 2 65 28 25 10 13 14 9 26 27 57 18 15 28 23 10 58 16 24 66
5	1 21 29 17 9 30 22 27 2 65 10 13 28 25 26 27 14 9 28 23 10 13 18 24 14 66
5	1 21 29 13 17 14 9 30 22 49 27 2 28 25 10 13 57 26 27 14 9 58 18 15 10 16 28 50
5	21 1 29 15 16 17 9 30 22 27 2 65 10 13 28 25 18 15 16 17 14 9 26 27 18 15 10 16 28 66
5	1 15 21 29 16 17 9 10 13 14 9 30 31 22 49 27 2 65 10 13 28 25 26 27 14 9 32 33 10 13 18 19 34 31 66 1 28 25 50 21 32 29 20 17 14 9 10 13 14 9 30 31 22 49 26 27 2 65 28 25 10 13 50 21 22 49 26 27 14 9 57 50 55 58 67 18 10 15 13 56 49 16 19 28 25 66 1 50 21 32 29 20 17 14 9 30 22 26 27 2 65 10 13 28 25 18 15 16 17 26 27 14 9 68 57 10 58 18 15 16 28 66
5	1 21 29 17 9 10 13 14 9 30 31 22 49 27 2 65 28 25 10 13 14 9 26 27 57 32 33 10 13 58 67 18 34 15 31 16 19 28 25 66 1 32 29 20 15 50 21 16 17 14 9 22 30 26 27 2 65 28 25 10 26 27 28 25 26 27 68 57 58 18 15 16 28 66
5	1 29 21 17 9 10 13 14 9 30 22 49 27 2 65 10 13 28 25 26 27 14 9 57 50 55 28 23 10 56 24 18 27 58 28 66
5	1 21 29 15 16 17 9 5 6 30 22 27 2 65 10 28 25 26 27 57 18 15 58 16 28 66
5	1 29 21 17 9 30 31 22 49 27 2 65 28 25 10 13 26 32 33 50 55 18 15 34 56 16 14 66
5	1 25 21 63 13 29 3 17 14 9 64 10 13 14 9 30 31 22 26 27 2 65 10 28 25 32 26 18 4 66
5	1 31 25 21 32 29 15 16 17 9 10 13 14 9 30 31 22 49 26 27 32 33 2 65 34 28 25 10 13 50 21 22 49 26 14 9 50 55 18 15 56 10 16 66
6	1 25 21 15 29 16 17 9 10 13 14 9 30 31 22 49 26 27 2 65 28 25 10 13 26 27 18 15 66 1 16 19 28 25 63 50 21 32 29 20 15 16 17 14 9 64 67 10 13 14 9 79 30 31 22 49 26 27 2 65 28 25 10 13 26 27 68 57 18 15 58 67 66 1 16 19 28 25 50 21 32 29 20 17 14 9 80 10 13 79 14 9 22 49 30 31 26 27 2 65 10 13 28 25 26 27 32 33 18 34 66 19 31 1 28 25 50 21 20 15 32 29 16 17 14 9 80 10 13 14 9 5 6 30 31 22 49 26 27 2 65 28 25 10 13 26 27 28 25 26 27 68 57 18 15 66 1 58 67 16 19 28 25 50 21 32 29 20 14 9 22 30 26 27 2 65 28 25 10 26 68 57 58 66
6	1 19 25 63 21 29 20 15 16 17 64 67 9 10 13 14 9 30 31 22 26 27 2 65 28 25 10 13 26 27 32 33 68 57 28 23 34 18 58 24 66 14
6	1 9 19 25 21 10 13 29 20 17 14 9 30 22 26 27 2 65 10 28 25 26 18 66
6	1 77 19 25 63 21 29 78 20 15 64 67 16 17 9 10 13 14 9 30 31 22 49 26 27 2 65 10 28 25 50 21 22 26 68 57 32 33 34 58 18 66
6	1 25 19 21 29 20 17 9 10 13 14 9 79 5 6 30 31 22 49 26 27 2 65 10 13 28 25 26 27 18 15 66 1 16 19 28 25 50 21 32 29 20 17 14 9 80 30 31 22 49 26 27 2 65 10 13 28 25 18 15 66 1 16 17 26 27 18 15 16 19 28 25 50 21 20 32 15 29 16 17 14 9 10 13 14 9 30 31 22 49 26 27 2 65 10 13 28 25 18 15 66 1 16 17 26 27 57 18 15 58 16 19 28 25 50 21 32 29 20 17 14 9 10 13 14 9 30 22 26 27 2 65 10 28 25 26 18 66
6	1 19 25 29 21 20 17 9 10 13 14 9 79 30 31 22 49 26 27 2 65 28 25 10 13 18 15 66 1 16 17 57 26 27 32 33 18 15 58 67 14 9 34 31 16 19 28 25 32 29 50 21 10 13 20 17 14 9 80 10 13 14 9 22 30 26 27 2 65 28 25 10 68 57 26 58 18 66
6	1 19 25 63 21 29 20 9 64 10 13 14 9 30 31 22 26 27 2 65 28 10 25 26 32 66
6	1 31 15 16 19 25 21 20 15 32 29 16 17 9 10 13 14 9 30 22 26 27 2 65 28 25 10 26 27 18 28 66
6	1 29 19 21 20 17 9 30 22 27 2 65 28 25 10 26 57 18 58 66
6	1 19 25 63 21 29 20 17 64 9 10 13 14 9 30 22 26 27 2 65 28 25 10 26 66 18
6	1 15 9 16 19 10 13 25 63 21 29 20 17 64 67 14 9 10 13 14 9 30 31 22 26 27 2 65 10 28 25 26 32 33 68 57 34 18 58 66
6	1 25 21 29 17 9 30 22 49 26 27 2 65 28 25 10 13 26 27 57 28 23 50 55 58 18 15 24 56 16 14 66
6	1 25 13 15 29 21 16 17 14 9 10 13 14 9 30 22 26 27 2 65 28 25 10 57 26 27 28 18 15 58 16 66
6	1 27 9 28 25 21 29 10 13 17 14 9 10 13 14 9 22 30 26 27 2 65 10 28 25 26 18 66
1	29 21 19 37 20 17 1 38 13 45 37 46 14 9 38 5 6 59 30 31 22 2 60 27 28 10 13 14 9 10 32 33 18 34
1	29 19 21 1 75 3 35 45 20 17 4 47 18 15 76 81 36 16 17 46 53 9 48 82 39 40 10 13 30 31 22 2 14 9 27 28 54 23 7 24 27 28 8 10 13 18 15 16 14 9 10 32
1	29 19 21 20 17 1 45 46 53 9 37 39 40 81 2 65 22 49 30 31 54 7 23 24 27 28 25 8 53 77 26 27 28 23 24 27 28 25 78 3 10 13 4 77 18 15 32 29 16 19 50 21 20 78 66 3 1 17 82 75 54 45 76 4 47 69 46 48 70 38 35 36 14 9 22 30 31 26 23 2 24 10 13 14 9 10 13 14 9 10 18 32
1	29 19 21 20 9 1 10 13 69 70 5 14 9 6 2 22 49 30 31 10 13 14 9 10 13 14 50 32
1	21 29 19 13 20 17 1 43 44 5 14 9 6 2 22 49 30 31 18 15 27 50 55 28 25 77 56 49 16 17 78 10 13 32 29 30 26 27 14 28 25 26 27 18 28 50
1	21 19 29 51 13 20 75 17 1 52 61 45 76 14 9 46 53 10 13 14 9 2 62 59 30 31 22 49 27 54 7 60 28 77 8 10 13 78 32 29 30 14 9 10 18 50
1	21 29 51 1 17 52 61 45 46 53 9 62 59 22 49 2 30 31 54 7 60 61 23 24 25 8 26 27 28 25 18 15 32 33 16 17 26 23 34 18 15 10 16 24 62 50
1	21 29 75 1 17 3 45 4 47 43 76 81 46 53 44 5 48 9 82 6 30 31 10 13 2 22 49 54 7 14 9 27 28 23 24 8 10 18 50 32
1	21 29 1 9 22 49 50 21 59 2 22 30 31 60 23 24 10 32
1	29 21 19 20 17 1 30 31 9 32 29 30 31 22 49 2 27 28 77 10 13 78 18 15 16 17 32 33 14 9 34 10 18 50
1	21 29 51 75 17 1 52 45 47 76 81 46 53 5 48 9 6 82 39 40 30 22 49 2 27 54 7 28 23 24 25 8 10 26 27 18 28 50
1	21 29 15 1 16 17 35 36 9 59 30 31 22 2 27 60 28 10 13 14 32 33 18 15 34 31 16 17 18 32
1	29 19 21 13 51 75 20 1 17 52 61 43 76 81 44 5 14 9 82 39 6 40 30 31 22 62 2 7 27 28 23 24 25 26 27 8 28 25 10 13 14 9 10 26 27 18 28 32
2	29 21 1 17 75 45 47 76 81 46 53 48 3 9 30 31 22 49 2 65 27 54 7 28 25 26 27 10 13 28 25 8 53 14 9 10 13 14 9 26 27 28 23 24 25 32 29 10 13 18 19 50 21 20 66 1 82 75 4 47 76 48 5 14 9 6 30 31 59 22 2 54 7 60 26 23 24 27 28 27 8 28 23 24 25 10 13 14 9 10 13 14 9 26 10 32
2	29 25 21 19 1 20 9 59 2 30 31 22 49 26 23 60 50 55 56 24 27 28 25 37 26 27 38 35 28 27 28 25 36 26 27 32 33 34 31 10 28 32
2	29 63 21 51 19 64 67 30 20 31 17 1 45 52 61 32 29 37 69 46 53 79 70 9 38 80 79 2 62 59 80 30 31 60 22 27 54 7 28 10 13 8 14 9 68 57 18 15 58 10 16 32
2	29 51 21 1 75 52 61 47 76 81 48 5 9 82 39 6 40 62 59 30 31 22 2 23 60 24 10 13 14 9 10 32
2	29 21 19 20 1 9 39 40 2 30 31 22 27 28 25 10 13 14 9 10 26 27 28 32
2	29 63 21 51 19 20 15 64 1 16 17 52 69 70 9 2 30 31 22 77 23 24 27 32 29 28 27 10 13 30 31 28 25 78 14 9 32 33 10 26 23 34 31 24 27 28 18 32
2	29 19 21 1 20 17 47 5 9 48 6 18 15 2 30 16 17 22 49 27 50 55 56 49 28 10 13 14 9 10 18 50
2	21 29 19 1 20 75 17 76 5 9 6 30 31 22 2 77 10 13 78 3 14 9 57 58 4 18 10 32
2	29 21 1 45 46 9 30 22 49 2 27 28 10 13 14 9 10 50
2	21 29 19 20 1 17 45 47 69 46 53 70 5 48 3 9 6 2 30 31 22 54 7 27 4 77 28 8 78 10 57 32 33 58 34 31 18 32
2	29 21 1 75 47 76 48 5 9 6 2 22 30 31 23 24 27 28 10 32
2	29 63 21 19 64 67 1 20 15 16 17 9 30 31 2 22 32 33 23 34 31 24 10 13 14 9 10 18 68 32
2	29 19 21 1 20 17 18 19 20 17 9 30 31 22 2 7 27 18 15 28 10 13 8 16 17 14 9 10 13 14 9 10 18 32
2	29 21 19 75 1 20 17 47 76 81 48 3 5 9 6 82 39 40 2 30 31 59 22 7 27 60 4 77 8 10 13 78 28 25 32 29 30 31 14 9 26 27 28 10 18 32
3	29 21 15 1 16 17 45 46 53 9 2 30 31 59 22 27 54 7 60 28 23 24 25 8 10 13 26 27 14 9 28 18 15 10 16 32
3	19 29 21 20 1 17 45 30 31 32 29 46 53 9 61 22 49 50 21 62 59 30 31 22 2 54 7 60 8 10 32 33 34 31 18 32
3	29 21 67 1 17 9 30 31 59 22 2 60 7 8 10 13 14 9 10 13 68 57 32 33 14 9 58 18 34 31 10 32
3	29 25 19 21 1 20 17 75 47 76 48 9 30 31 22 2 7 26 27 28 23 8 10 13 24 27 28 14 9 10 13 32 29 14 9 30 31 10 13 14 9 10 13 14 9 18 15 10 16 32
3	29 21 51 1 17 75 52 61 45 76 81 46 9 82 39 40 2 62 59 30 22 49 27 28 23 60 24 10 13 14 9 10 18 50
3	21 19 29 63 20 1 64 17 67 9 30 31 10 13 2 65 22 49 14 9 7 27 28 23 24 27 32 29 8 28 25 30 31 10 13 14 9 10 13 32 29 51 50 21 18 19 66 1 20 17 52 61 43 69 44 70 5 14 9 39 6 40 30 31 22 49 2 65 50 55 26 23 56 49 24 27 28 25 10 13 26 27 28 25 32 33 14 9 34 31 10 13 18 32 29 68 19 63 50 21 20 66 1 17 64 14 9 2 62 59 30 31 22 60 26 27 28 32 29 30 31 10 13 14 9 10 13 14 9 18 15 10 16 32
3	29 21 51 1 17 52 61 45 47 46 53 5 48 3 9 39 6 37 22 49 40 81 50 21 30 31 22 49 2 65 27 28 25 10 13 32 33 18 34 31 19 62 51 32 29 63 50 21 66 64 1 20 15 16 17 82 75 52 4 47 76 69 48 70 38 5 14 9 6 30 31 22 2 26 27 54 7 8 28 10 13 14 9 10 18 32
3	29 19 21 1 20 17 63 64 67 9 30 31 22 49 2 65 27 7 50 55 28 23 77 56 49 8 35 10 13 24 27 79 28 25 78 3 36 14 9 10 13 14 9 10 13 68 57 58 67 32 29 18 68 19 63 50 21 80 64 66 1 20 17 4 47 48 3 14 9 10 11 12 9 22 49 50 21 30 31 22 2 26 27 28 23 24 27 28 25 4 77 10 18 15 78 16 26 27 28 25 26 27 28 32
3	29 25 19 21 20 1 75 17 35 30 31 47 32 29 36 37 76 81 69 48 3 70 73 38 5 9 6 37 22 49 50 21 30 31 22 49 2 65 26 23 4 77 24 25 10 13 78 3 26 27 4 18 15 28 25 16 19 32 29 50 21 3 66 1 20 17 82 75 45 4 47 76 46 74 69 48 70 38 5 14 9 6 30 31 2 22 26 27 28 25 10 13 14 9 26 27 10 32 33 34 31 18 28 32
3	29 21 17 1 75 35 76 9 36 37 10 13 38 5 14 9 6 10 11 12 9 2 30 31 22 32 29 27 30 31 28 10 32 33 34 31 18 32
4	29 21 19 1 20 15 16 17 18 15 16 17 63 64 67 5 9 6 18 19 2 30 31 20 22 17 27 28 23 24 27 28 25 10 13 14 9 32 33 26 27 10 34 31 28 18 15 16 68 32
4	29 21 1 17 45 46 9 30 31 2 22 27 28 23 24 25 26 27 28 25 10 13 14 26 27 28 23 24 18 32
4	29 21 13 3 1 75 17 4 47 76 81 48 14 9 82 59 30 31 2 22 27 60 28 23 24 27 28 25 10 26 18 32
4	29 25 19 21 1 20 17 30 31 45 32 29 46 5 9 6 30 31 59 22 2 60 26 27 28 23 10 13 14 9 24 25 26 27 10 13 28 25 26 27 14 18 15 28 16 32
4	29 13 21 15 1 16 17 45 47 46 48 14 9 30 31 2 22 10 18 32
4	29 21 1 17 30 31 45 32 29 46 53 9 30 31 22 49 2 54 7 50 55 27 28 25 56 77 8 10 13 78 32 33 26 14 34 31 18 32
4	29 25 63 13 19 21 64 1 20 30 31 45 32 29 46 53 14 9 5 6 30 31 22 54 7 2 26 23 8 24 25 26 27 28 25 32 29 30 31 10 32 33 26 34
4	29 19 25 21 20 1 17 5 9 6 2 22 30 31 26 27 28 10 13 14 9 10 13 14 18 32
4	29 63 13 21 19 64 67 20 1 17 14 9 39 40 30 31 22 7 2 27 28 25 8 10 13 14 26 18 68 32
4	29 13 25 21 15 1 14 9 16 17 30 31 10 13 32 29 14 9 30 31 10 13 22 2 14 9 10 13 14 9 10 13 14 9 10 13 32 33 26 27 34 31 14 9 28 23 18 24 10 32
4	29 21 15 1 16 17 5 9 6 30 31 22 2 27 28 23 24 25 10 13 14 9 10 26 18 32
4	29 63 25 21 19 64 1 20 17 30 31 22 2 7 26 27 28 25 8 26 23 24 27 28 25 26 27 28 18 32
4	29 19 21 13 20 1 17 30 31 45 32 29 46 5 14 9 6 22 49 50 21 30 31 59 22 2 60 18 15 16 17 10 13 14 9 10 13 14 9 18 15 23 10 16 24 32
4	29 25 21 1 17 35 45 47 36 37 46 53 48 69 70 38 5 9 6 30 31 22 49 2 65 26 27 28 25 10 13 14 9 10 13 26 27 14 9 18 32 29 19 51 10 13 28 50 21 20 15 66 1 16 17 52 61 54 45 46 53 14 9 62 59 30 31 22 2 54 7 60 8 10 13 14 9 10 32 33 18 34 31 32
4	29 21 19 1 20 5 9 6 30 31 2 22 23 24 25 77 26 27 10 13 78 3 28 25 14 9 10 13 4 14 26 32
5	29 21 15 1 13 16 17 30 31 61 45 32 29 46 53 14 9 62 59 2 30 31 22 27 60 54 7 8 10 13 14 9 28 25 26 27 28 18 10 32
5	29 19 21 20 1 17 30 31 45 32 29 46 53 9 10 11 12 9 30 31 22 2 54 7 23 24 27 8 28 25 10 13 14 26 27 28 23 18 24 32
5	29 21 13 1 17 30 31 32 29 81 14 9 10 82 11 12 9 30 31 22 2 27 28 10 13 18 14 32
5	29 1 13 15 21 30 31 16 19 45 47 32 29 46 20 15 16 17 48 14 9 22 49 50 21 22 49 30 31 2 65 27 50 55 28 23 56 24 27 10 13 28 25 32 33 14 9 26 23 18 15 24 16 19 34 10 20 66
5	1 17 21 45 29 46 9 2 30 22 49 27 28 25 10 13 26 27 14 18 15 16 28 50
5	21 13 1 17 61 29 14 9 30 31 22 49 2 65 27 10 13 28 25 14 9 26 27 18 28 25 19 50 21 32 29 10 13 20 66 1 17 30 31 45 14 9 32 29 10 13 46 53 14 9 62 59 30 31 22 49 2 65 26 27 54 7 60 28 23 8 53 32 29 24 27 10 13 28 25 30 31 14 9 26 23 77 18 19 50 10 21 13 24 25 32 29 66 1 78 30 31 20 17 32 29 14 22 30 31 2 54 7 26 23 24 27 8 28 27 28 18 15 16 32
5	29 21 17 1 13 30 31 32 29 14 9 22 49 30 31 2 23 50 55 56 49 24 27 10 13 14 9 28 25 10 13 14 9 32 33 26 27 28 23 18 15 24 34 16 10 50
5	21 1 17 29 9 30 31 22 49 2 27 10 13 28 25 50 21 22 14 26 18 32
5	29 25 13 21 1 17 30 31 32 29 14 9 2 65 30 31 22 49 26 27 28 25 10 13 14 9 26 27 18 19 28 25 50 21 32 29 10 13 66 20 1 15 30 31 16 17 45 32 29 46 53 14 9 30 22 49 2 54 7 26 27 8 28 10 13 14 9 18 10 50
5	21 1 15 16 17 29 9 22 10 30 31 2 32 33 27 18 15 34 31 16 28 32
5	29 21 1 3 17 30 31 45 32 29 4 47 46 81 48 9 82 39 40 30 31 22 2 27 28 25 26 27 10 13 32 29 28 25 30 31 14 26 27 28 25 26 27 28 23 24 27 28 25 26 18 15 16 32
5	19 29 25 21 13 20 15 1 16 17 30 31 32 29 14 9 59 30 31 2 22 60 10 13 14 26 27 18 15 16 28 32
5	29 13 1 21 17 30 31 45 32 29 46 53 14 9 59 30 31 22 2 49 54 7 32 33 60 23 34 31 24 27 28 25 8 10 13 14 32 33 26 27 18 15 16 34 28 50
6	21 1 13 17 45 29 46 14 9 30 22 49 2 27 28 25 10 26 27 18 28 50
6	21 1 17 45 67 29 46 68 63 64 9 30 22 49 2 27 50 55 56 28 49 25 10 13 14 9 10 13 18 26 27 14 9 28 10 50
6	21 25 1 17 29 9 22 49 30 31 2 26 27 10 13 28 25 14 9 18 15 26 27 32 33 16 34 10 28 50
6	21 1 17 29 9 30 22 49 27 2 28 23 24 27 10 13 14 9 28 25 10 13 14 9 10 13 14 9 26 27 18 15 10 16 28 50
6	21 17 1 45 47 29 46 53 48 3 5 9 6 37 22 49 30 31 2 65 27 28 25 10 13 14 9 26 27 10 13 14 9 18 15 28 25 16 19 10 13 50 21 20 15 66 1 16 17 32 29 30 31 32 29 38 5 14 9 6 37 22 49 2 65 30 31 26 27 28 23 24 27 10 13 28 25 14 9 10 13 32 33 14 9 18 15 26 23 34 31 51 16 19 24 25 10 13 50 21 66 1 20 17 52 61 54 45 32 29 46 53 30 31 32 29 38 5 14 9 6 37 62 59 30 31 22 49 2 65 60 61 54 7 26 27 8 10 13 28 25 14 9 10 13 14 9 10 13 26 23 18 15 4 77 16 24 19 25 50 21 20 66 1 78 17 32 29 38 5 14 9 22 6 49 50 21 22 49 30 31 2 65 26 27 28 25 10 13 14 9 32 33 26 27 50 55 18 15 62 56 16 34 28 10 66
6	1 21 17 29 69 81 70 5 9 6 22 49 30 31 2 65 27 7 28 23 8 24 27 28 25 10 13 14 9 10 13 18 15 16 19 50 21 20 66 1 17 32 29 82 14 9 22 49 2 30 26 27 28 25 26 27 28 25 10 13 14 9 10 26 27 18 28 50
6	21 19 1 3 20 17 45 29 46 9 30 22 49 2 27 28 25 10 13 14 9 50 55 4 26 27 18 56 49 28 10 50
6	21 1 17 79 29 9 80 35 10 13 30 31 22 49 2 14 9 36 27 10 28 25 32 33 26 27 28 18 23 15 34 16 24 50
6	21 1 61 17 47 29 48 3 9 62 59 2 65 30 22 31 49 35 7 60 61 23 24 36 25 8 53 26 27 28 10 25 13 14 9 10 13 26 27 28 23 24 27 18 19 28 25 50 21 20 66 15 1 16 17 54 45 4 47 32 29 79 46 53 30 31 32 29 48 3 14 9 62 59 30 31 22 49 2 60 54 7 26 27 8 80 28 25 10 32 29 30 26 27 4 18 28 50
6	21 1 17 29 79 5 9 6 37 38 35 22 49 30 31 2 80 23 36 24 27 28 25 10 13 14 9 10 13 14 9 10 32 33 26 27 28 18 15 34 16 50
6	21 25 1 17 45 29 46 53 79 9 59 30 2 65 22 54 7 26 27 60 8 28 25 10 26 27 18 15 16 28 80 66
6	1 21 17 29 9 5 6 22 49 30 2 27 28 23 24 25 26 27 10 13 28 25 14 9 50 55 56 49 18 15 26 23 10 24 27 16 28 50
7	21 1 17 29 9 30 18 15 22 49 2 27 16 17 28 25 10 13 14 18 15 26 27 16 28 50
7	21 13 15 1 16 17 29 14 9 59 22 30 49 2 27 50 7 55 60 56 49 8 28 25 10 26 27 18 28 23 24 50
7	21 1 17 29 9 22 49 30 2 27 28 25 10 26 27 18 15 16 28 50
7	21 1 17 45 29 46 9 22 49 30 2 27 28 25 10 13 14 9 26 27 18 15 10 28 16 50
7	21 1 17 29 9 10 13 22 49 2 30 31 14 9 27 28 25 10 13 14 32 33 26 27 34 18 15 16 28 50
7	21 13 1 17 45 29 46 53 14 9 59 57 58 60 22 49 30 31 2 54 7 27 28 23 8 24 27 10 13 28 25 32 33 14 26 34 18 15 16 50
7	21 25 13 1 17 29 14 9 30 31 18 15 22 49 16 17 2 26 27 28 25 10 13 14 9 10 32 26 33 27 34 18 15 16 28 50
7	21 1 17 29 9 22 49 30 2 7 8 10 13 14 9 10 13 14 9 27 18 15 16 10 28 50
7	21 1 17 45 29 46 9 57 58 22 49 30 2 27 28 23 24 27 28 25 10 13 14 26 27 18 15 16 28 50
7	21 13 15 1 16 17 29 14 9 57 58 30 2 22 49 27 28 25 10 13 14 9 26 27 18 15 28 16 10 50
7	21 1 3 17 29 9 22 30 49 31 2 65 23 24 27 10 13 28 25 26 27 50 55 18 56 49 19 28 25 50 21 66 1 20 17 45 4 32 47 29 46 30 31 32 29 48 14 9 59 22 49 30 31 2 26 27 60 61 28 25 10 13 32 33 26 23 14 18 15 16 34 62 24 50
7	21 1 13 17 29 14 9 22 49 2 30 27 28 23 24 27 28 25 10 13 50 21 22 49 26 27 14 9 28 23 18 15 16 24 10 50
7	13 21 1 17 29 14 9 22 49 30 31 2 65 27 28 23 24 27 10 13 28 25 26 27 14 9 32 33 77 18 15 28 23 16 19 24 27 34 31 10 13 28 25 50 21 66 1 20 78 17 47 32 29 30 31 48 3 32 29 14 9 61 22 49 2 30 26 27 28 25 10 13 14 9 10 13 26 27 14 18 15 4 16 28 62 50
7	21 13 1 61 45 17 29 46 53 14 9 62 59 22 49 60 61 30 2 54 7 27 8 28 10 13 14 9 18 62 10 50
7	21 1 17 29 9 69 30 31 70 22 49 2 27 28 23 24 27 28 10 25 13 14 9 10 13 50 55 26 14 27 32 33 18 15 56 49 16 34 28 50
7	21 13 1 17 45 29 46 14 9 22 49 2 30 27 28 25 10 13 50 55 14 9 26 27 18 15 56 49 10 16 28 50
7	21 1 17 29 9 18 15 30 31 22 49 16 17 2 27 28 27 28 25 10 13 32 29 30 31 32 33 26 14 9 34 18 15 16 10 50
1	21 29 1 35 17 61 45 9 43 10 13 36 37 14 9 44 79 46 62 59 38 5 60 2 6 80 41 10 13 42 18 15 22 49 14 9 16 17 30 23 24 10 13 14 9 10 18 50
1	21 29 17 1 18 15 16 17 9 5 6 10 11 2 12 9 27 10 13 28 22 49 7 14 9 30 8 10 18 50
1	21 69 29 1 17 70 9 10 13 14 9 5 6 27 2 41 10 13 28 25 42 63 7 22 49 64 30 26 23 14 9 24 27 10 13 28 25 8 14 9 10 26 27 28 18 50
1	21 51 29 19 1 20 17 52 43 44 79 9 5 10 11 2 6 80 41 12 9 27 10 13 28 25 14 9 42 7 22 49 30 26 27 28 8 10 18 50
1	21 51 1 29 52 9 5 10 11 6 2 41 12 9 27 22 49 28 25 42 63 7 64 30 31 8 10 32 33 34 26 27 28 50
1	21 29 1 35 9 45 10 13 36 46 53 14 9 10 11 2 12 22 49 13 23 24 25 14 9 63 54 7 64 30 26 27 28 8 15 10 13 16 17 18 19 14 9 20 17 10 18 50
1	15 21 51 16 19 29 20 1 52 61 9 43 10 13 44 14 9 27 28 23 24 27 2 62 28 23 24 27 10 13 28 25 7 14 9 22 49 30 26 27 28 25 8 10 13 14 9 10 26 27 28 50
1	21 29 35 1 45 43 36 37 46 53 44 79 9 27 2 65 10 11 28 23 12 9 10 13 15 24 25 22 14 49 9 16 19 20 17 26 27 30 31 28 25 10 13 18 19 20 15 16 17 14 9 10 13 50 21 32 29 66 1 38 35 54 45 80 43 36 46 44 79 14 9 2 80 26 41 27 22 49 10 13 50 21 42 28 25 14 9 22 49 30 10 13 14 9 10 26 27 28 18 50
1	21 15 29 1 3 16 17 45 4 46 47 9 10 11 48 59 2 22 49 12 9 27 10 13 28 23 60 24 27 28 25 14 9 30 31 26 27 28 23 24 27 28 25 10 13 14 9 10 13 14 9 26 10 23 32 33 24 27 28 18 34 50
1	21 15 29 16 19 1 35 20 17 45 47 36 46 9 48 3 2 41 27 10 13 22 49 42 50 21 28 25 14 9 22 49 30 10 13 14 9 18 15 16 17 10 26 27 28 18 4 50
1	21 19 29 1 20 9 2 41 27 10 13 28 25 42 14 9 22 49 30 26 27 28 25 10 26 27 28 50
1	21 19 29 20 15 1 35 16 17 45 43 36 46 44 47 9 48 10 11 2 12 9 10 13 14 9 22 49 30 10 13 27 28 25 14 9 10 11 12 26 27 28 18 50
1	21 15 29 16 17 1 9 10 13 14 9 5 6 10 11 2 12 27 13 22 49 28 23 14 9 24 30 31 10 13 14 9 10 32 33 18 34 50
1	21 19 20 15 29 1 16 17 3 9 10 13 4 81 47 14 9 48 3 82 10 11 2 12 9 10 13 14 9 22 49 7 30 27 50 55 28 23 8 24 56 49 10 13 14 9 10 13 14 9 10 18 4 50
1	21 19 29 1 3 20 17 4 47 9 48 3 10 11 2 65 27 12 13 28 25 22 49 14 9 26 27 30 31 28 27 28 25 10 13 32 33 34 31 4 77 50 21 18 19 32 29 20 15 16 17 66 1 78 3 14 9 5 6 2 10 13 63 14 9 22 49 64 30 26 23 50 55 24 27 56 49 28 10 13 14 9 50 55 56 49 18 4 10 50
2	21 29 19 1 20 17 9 45 10 13 47 46 53 79 14 9 5 48 10 11 6 27 2 80 12 9 10 13 28 25 54 7 63 14 9 22 49 30 26 27 64 28 25 10 13 8 14 9 10 26 27 28 18 15 16 50
2	21 15 29 1 16 17 9 5 2 6 41 10 13 27 42 28 25 22 49 14 9 26 30 31 27 28 10 13 14 9 32 33 34 10 18 50
2	21 29 19 9 20 1 17 10 13 14 9 2 27 22 10 49 13 28 25 26 27 30 14 9 28 10 25 26 27 18 28 50
2	21 29 19 1 9 20 17 10 13 14 9 2 65 10 13 14 9 22 49 30 31 27 28 25 10 13 14 9 10 13 14 9 26 27 28 25 10 13 18 15 77 32 29 50 21 14 9 16 19 66 1 20 15 78 16 17 45 10 13 46 14 9 5 6 2 26 27 10 13 28 14 9 22 49 30 50 55 56 49 10 13 14 9 10 13 14 9 18 10 13 14 50
2	21 29 17 1 13 14 9 5 6 2 10 13 63 14 9 22 49 64 30 27 10 13 28 14 9 39 10 40 18 50
2	21 29 9 19 1 20 17 10 13 14 9 10 13 5 14 9 6 2 23 22 49 10 13 63 24 25 14 9 64 30 26 50 23 55 24 27 56 49 28 25 10 13 14 9 26 27 10 28 23 24 18 50
2	21 9 29 17 1 10 13 5 14 9 6 2 27 22 49 28 23 10 13 24 25 50 21 63 22 49 7 64 26 27 30 31 14 9 8 28 10 13 14 9 10 32 33 18 34 50
2	21 29 19 20 15 1 16 17 9 2 27 10 13 22 49 28 25 7 14 9 26 27 30 31 10 13 28 25 8 14 9 10 13 14 9 26 32 23 33 24 27 10 28 34 18 50
2	21 19 29 9 1 20 10 13 14 9 5 6 2 27 10 13 28 25 63 22 49 14 9 64 30 26 27 28 25 10 13 26 27 28 14 50
2	21 19 29 1 20 17 61 45 13 46 14 9 5 2 6 22 49 27 28 23 24 25 30 31 26 27 28 10 13 14 9 10 13 32 33 14 9 34 10 18 50 62
2	21 51 19 29 20 15 9 1 45 52 61 16 17 10 13 47 46 14 9 62 59 48 60 2 27 10 13 22 49 28 25 14 9 30 26 27 28 18 15 16 10 13 15 16 17 14 18 50
2	21 51 29 17 1 52 13 47 48 5 14 9 6 2 10 13 7 14 9 22 49 30 31 27 8 28 25 10 13 14 32 33 26 27 28 27 18 34 28 50
2	21 19 29 20 17 1 13 14 9 5 6 10 11 27 2 12 9 10 13 28 25 22 49 14 9 26 27 30 28 10 50 21 22 49 18 50
2	21 29 15 1 16 35 9 10 13 47 36 14 9 48 27 2 10 13 28 25 14 9 22 49 30 26 27 28 10 13 14 9 10 50
2	21 19 29 20 15 1 16 17 9 10 13 14 9 10 11 2 12 9 10 13 23 22 49 24 25 14 9 30 26 23 24 27 28 25 10 13 14 9 10 13 14 9 10 13 26 27 14 9 10 28 18 50
2	21 19 29 1 20 17 9 61 27 28 2 62 27 10 13 22 49 28 25 14 9 7 26 27 30 8 28 25 10 13 14 9 10 13 14 9 10 26 27 28 18 50
2	21 29 19 1 9 20 45 17 10 13 47 14 9 46 53 48 5 6 2 61 10 13 22 49 14 9 54 30 7 8 39 10 13 18 15 14 40 16 62 50
2	21 29 17 1 45 13 47 14 9 46 53 48 2 27 10 13 28 25 22 14 49 9 54 7 30 26 23 50 55 56 49 24 27 10 13 28 25 8 14 9 10 26 27 28 18 50
3	21 29 1 17 9 10 13 47 14 9 48 5 6 2 27 10 13 28 25 14 22 9 49 30 26 27 28 10 18 50
3	21 29 1 17 45 47 46 9 48 5 27 6 2 28 23 24 27 10 13 28 25 22 49 14 9 26 27 30 28 10 13 14 9 10 13 39 18 15 40 16 14 50
3	21 29 17 1 13 14 9 2 10 13 14 9 22 49 7 30 8 10 13 14 9 10 13 14 9 10 18 50
3	21 29 15 1 61 16 17 79 9 5 71 27 72 6 37 2 65 10 13 22 49 28 25 14 9 26 27 30 31 28 25 10 13 14 9 10 13 32 29 50 21 14 9 66 1 45 46 80 38 5 2 65 6 26 27 10 13 28 25 14 9 22 49 30 31 10 13 14 9 10 13 14 9 10 13 14 9 26 27 28 25 18 15 16 19 10 13 32 50 29 21 62 14 9 20 17 66 1 61 10 13 14 9 26 23 2 24 27 62 59 10 13 60 28 25 14 9 22 49 30 26 27 28 23 24 10 13 14 18 15 16 50
3	19 21 29 20 15 1 16 17 45 13 46 14 9 5 61 6 2 23 24 10 13 25 63 14 9 22 49 26 27 30 64 28 10 13 14 9 10 18 15 62 16 50
3	21 29 1 17 45 61 46 53 9 62 59 27 2 10 13 60 18 15 28 14 22 9 49 54 7 30 16 8 10 13 14 9 10 50
3	21 19 29 20 17 1 45 9 10 13 46 53 14 9 5 6 2 27 28 10 25 13 14 9 22 49 30 54 7 26 27 8 28 10 13 14 9 10 18 50
3	21 29 19 1 20 17 9 10 13 14 9 5 6 2 27 10 13 28 14 9 22 49 7 30 31 8 10 13 14 9 10 13 14 9 32 33 18 15 34 16 10 50
3	21 29 9 1 15 16 17 10 13 14 9 2 22 49 27 10 13 50 21 28 25 14 9 26 27 22 49 30 50 55 28 56 49 10 13 14 9 18 19 10 20 50
3	21 29 15 1 9 16 17 10 13 47 14 9 48 2 27 10 13 28 25 14 9 22 49 26 27 30 28 10 13 14 9 10 18 50
3	21 29 15 1 16 17 9 47 10 13 14 9 48 27 28 25 2 26 27 10 13 22 49 28 23 24 25 14 9 7 26 30 27 31 8 28 25 10 13 26 23 24 27 32 33 28 18 34 14 50
3	21 29 17 1 13 14 9 27 2 28 25 10 13 22 49 14 9 26 27 7 30 31 28 23 50 55 24 56 8 49 10 13 14 9 10 13 32 14 33 9 39 34 10 18 40 50
3	21 19 29 20 1 17 9 47 10 13 14 9 48 3 27 28 25 2 10 13 22 49 14 9 7 30 8 10 13 14 9 39 26 27 10 28 18 4 40 50
3	21 9 29 17 1 10 13 14 9 79 71 72 80 2 27 10 13 28 23 14 22 9 49 30 24 10 13 14 9 10 18 50
3	21 29 19 20 1 9 17 47 10 13 48 71 14 9 72 27 28 23 2 24 25 26 27 10 13 22 49 28 25 14 9 30 26 27 50 55 28 56 49 10 13 14 9 18 15 16 10 50
3	21 29 15 16 19 1 9 20 17 10 13 14 9 71 5 27 2 72 6 28 23 22 49 10 13 24 50 25 21 14 9 22 49 30 26 23 50 55 24 27 56 49 28 25 10 13 14 50 55 26 27 56 49 18 28 50
3	21 19 29 20 1 17 45 47 13 46 48 3 14 9 27 2 10 13 28 25 14 9 22 49 26 27 30 31 28 10 13 14 9 18 15 16 17 10 4 18 50 32
4	21 29 1 17 9 23 24 27 2 65 10 13 28 18 25 15 14 9 22 49 16 17 30 31 26 27 28 10 13 14 9 10 13 18 15 16 19 32 29 50 21 66 1 20 17 14 9 10 13 47 14 9 48 5 6 2 10 13 22 49 14 9 30 31 10 32 33 34 18 15 16 50
4	21 29 17 1 9 10 13 47 48 14 9 2 27 10 13 22 49 14 9 28 25 30 26 27 28 25 10 13 14 9 26 27 10 18 15 16 28 50
4	21 29 17 1 9 10 13 14 9 2 65 27 10 13 28 25 14 9 22 49 30 31 50 55 56 49 10 13 14 9 32 26 33 27 18 15 28 25 10 13 34 31 50 21 32 29 16 19 66 1 20 17 14 9 10 13 14 9 2 10 13 14 9 22 49 30 26 27 28 10 13 14 9 10 18 50
4	21 29 1 17 9 10 13 14 9 5 6 2 10 13 14 9 22 49 30 27 28 10 13 14 9 10 18 15 16 50
4	21 29 1 17 9 47 79 48 3 27 28 23 59 2 65 24 25 10 13 22 49 60 61 14 9 30 31 7 26 27 28 25 8 53 10 13 14 9 26 27 28 25 18 19 10 13 32 29 50 21 66 1 20 14 9 17 80 79 26 23 62 37 2 65 24 27 10 13 28 25 22 49 14 9 54 7 30 31 10 13 8 53 14 9 10 13 14 9 10 13 18 15 16 19 32 29 50 21 20 17 66 1 14 9 80 10 13 79 14 9 38 5 2 65 6 10 13 22 49 14 9 30 31 10 13 14 9 10 13 26 27 32 33 28 25 18 15 34 31 16 19 32 29 50 21 20 66 1 17 14 9 26 27 28 23 24 2 65 27 28 25 10 13 14 9 54 7 22 49 30 31 26 27 28 25 8 53 10 13 18 15 32 50 29 21 16 19 66 1 20 14 9 17 80 10 13 14 9 26 23 2 24 27 10 13 22 49 28 25 14 9 54 7 30 26 23 24 27 28 25 8 10 13 14 9 10 13 14 9 10 13 14 9 26 27 10 18 28 4 50
4	21 29 17 1 9 10 13 14 9 2 27 10 13 28 25 7 22 49 14 9 30 26 27 8 28 25 10 13 14 9 10 13 14 9 10 18 26 27 28 50
4	21 29 17 1 9 2 27 10 22 13 49 28 25 50 21 14 9 22 49 30 26 27 28 10 13 14 9 10 18 50
4	21 29 17 1 9 23 24 25 5 2 6 22 49 10 13 14 9 30 26 27 28 10 13 14 9 57 58 18 10 50
4	21 29 1 9 17 10 13 14 9 79 5 2 80 6 27 10 13 28 25 14 9 22 49 26 27 30 50 55 56 49 28 10 13 14 9 18 15 10 16 50
4	21 29 1 15 16 17 61 9 47 10 13 14 9 48 27 28 23 24 27 62 59 2 10 13 28 25 60 22 49 14 9 30 26 23 24 27 28 10 13 14 9 10 18 50
4	21 29 17 1 9 2 22 49 10 13 50 21 14 9 22 49 27 30 31 28 25 10 13 14 9 10 13 26 27 14 9 32 33 18 15 28 10 34 16 50
4	21 29 15 16 1 17 9 2 10 13 22 49 14 9 30 27 28 10 13 14 9 10 18 50
4	21 29 1 45 17 9 47 46 48 27 28 23 2 59 24 27 10 13 18 15 60 22 49 14 9 16 17 30 31 50 55 56 49 28 25 10 13 14 9 10 13 14 9 26 27 32 33 10 18 15 28 16 34 50
5	21 29 1 9 17 2 10 13 14 22 9 49 30 10 13 14 9 10 18 50
5	21 29 9 1 17 2 10 13 14 9 22 49 30 10 13 14 9 10 18 15 16 50
5	21 29 1 17 9 47 79 48 3 27 2 65 10 13 22 49 7 14 9 30 31 28 25 8 53 10 13 32 33 18 15 4 77 34 31 16 19 32 29 50 21 20 15 66 1 14 9 16 17 78 47 48 59 26 27 2 65 28 25 10 13 60 26 27 54 7 22 49 14 9 30 31 28 25 8 10 13 50 21 22 49 14 9 26 27 10 13 28 25 32 29 18 50 21 19 14 9 66 1 20 17 80 71 5 72 6 2 10 13 14 9 22 49 30 10 13 14 9 10 26 27 18 15 28 16 50
5	21 29 15 9 1 16 17 5 2 27 6 28 25 10 13 22 49 14 9 26 27 30 28 25 10 13 14 9 26 27 18 19 10 28 20 50
5	21 17 29 1 9 79 27 28 25 2 65 10 13 14 9 22 49 30 31 10 13 14 9 10 13 14 9 18 19 10 13 32 29 50 21 20 17 66 1 14 9 80 26 27 28 25 26 27 2 28 25 10 13 22 14 49 9 30 31 10 13 14 9 10 50 21 22 49 32 33 26 27 18 19 34 28 20 17 18 50
5	21 19 29 1 20 17 9 61 23 24 27 62 28 59 25 2 26 27 10 13 28 25 60 7 22 49 14 9 30 26 27 28 8 10 13 14 9 10 18 50
5	21 29 19 1 20 17 9 61 23 62 61 2 24 27 10 13 7 22 49 14 9 30 28 25 8 10 13 14 9 10 18 50 55 26 27 56 49 28 62 50
5	21 29 17 1 9 61 23 24 27 62 2 10 13 28 25 7 22 26 49 27 14 9 30 31 28 8 10 13 69 14 9 70 32 33 10 13 34 14 18 50
5	21 29 1 17 47 48 27 28 25 2 65 13 22 49 14 9 30 31 10 13 14 9 10 13 26 27 50 55 28 25 18 15 56 49 50 21 32 29 66 16 1 17 14 9 26 27 28 2 10 13 22 49 14 9 7 30 8 10 13 50 21 22 49 14 9 10 18 50
5	21 29 17 1 9 23 24 27 2 10 13 28 25 22 49 14 9 30 10 26 27 18 28 50
5	21 19 29 20 1 17 9 27 28 25 26 27 2 28 10 13 14 9 22 30 31 10 18 32
5	29 21 1 17 9 23 24 27 28 10 13 14 9 22 49 30 31 2 65 10 13 18 15 16 19 50 21 32 29 20 17 66 1 14 9 22 49 10 13 50 21 22 49 14 9 2 30 10 18 50
5	21 29 1 17 9 27 28 25 10 13 22 49 14 9 2 65 30 31 10 13 81 18 15 32 29 50 21 66 1 16 17 82 14 9 26 27 28 10 13 22 49 14 9 30 2 10 18 50
5	21 29 1 17 9 27 28 25 26 27 10 13 28 22 49 14 9 30 31 2 10 13 14 9 10 32 33 18 15 34 16 50
5	21 29 17 1 9 27 28 25 26 27 10 13 14 9 22 49 28 30 2 10 13 14 9 10 50 55 18 15 56 49 16 50
5	21 29 1 3 17 9 27 10 13 22 49 2 14 9 50 30 55 69 70 56 49 28 10 13 14 9 10 18 15 16 4 50
